Time: ISBN: Retail-Price: Lowest-New-Price: Lowest-Used-Price: Sales-Rank
2016/03/05:10:58:53 0071133380 4589 2806 2000 497684
2016/03/05:11:54:18 0071133380 4589 2806 2000 497684
2016/03/05:12:18:34 0071133380 4589 2806 2000 497684
2016/03/05:12:38:52 0071133380 4589 2806 2000 497684
2016/03/05:12:54:41 0071133380 4589 2806 2000 497684
2016/03/05:17:40:33 0071133380 4589 2705 2000 494428
2016/03/05:19:29:59 0071133380 4589 2705 2000 494472
2016/03/05:20:19:00 0071133380 4589 2705 2000 495252
2016/03/05:21:49:35 0071133380 4589 2705 2000 497156
2016/03/05:23:10:24 0071133380 4589 2706 2000 497156
2016/03/06:03:50:43 0071133380 4589 2706 2000 497950
2016/03/06:08:37:24 0071133380 4589 2706 2000 500723
2016/03/06:09:41:14 0071133380 4589 2706 2000 501371
2016/03/06:10:33:40 0071133380 4589 2705 2000 501749
2016/03/06:11:28:55 0071133380 4589 2705 2000 501749
2016/03/06:14:29:46 0071133380 4589 2706 2000 499186
2016/03/06:14:44:46 0071133380 4589 2706 2000 499186
2016/03/06:15:52:23 0071133380 4589 2705 2000 499364
2016/03/06:16:35:32 0071133380 4589 2705 2000 497832
2016/03/06:17:49:56 0071133380 4589 2706 2000 497862
2016/03/06:20:47:13 0071133380 4589 2705 2000 495394
2016/03/06:22:32:22 0071133380 4589 2603 2000 497312
2016/03/06:22:56:13 0071133380 4589 2603 2000 497344
2016/03/06:23:07:55 0071133380 4589 2603 2000 497344
2016/03/07:07:37:10 0071133380 4589 2502 2000 503217
2016/03/07:09:27:49 0071133380 4589 2502 2000 502180
2016/03/07:10:52:00 0071133380 4589 2502 2000 500626
2016/03/07:11:30:26 0071133380 4589 2502 2000 501256
2016/03/07:12:34:38 0071133380 4589 2502 2000 502105
2016/03/07:14:00:30 0071133380 4589 2503 2000 501498
2016/03/07:15:29:44 0071133380 4589 2503 2000 501815
2016/03/07:16:19:19 0071133380 4589 2503 2000 501815
2016/03/07:16:56:47 0071133380 4589 2502 2000 502088
2016/03/07:19:09:18 0071133380 4589 2502 2000 499930
2016/03/07:22:41:09 0071133380 4589 2502 2000 503979
2016/03/07:23:48:15 0071133380 4589 2402 2000 504246
2016/03/08:07:42:29 0071133380 4589 2400 2000 508164
2016/03/08:09:05:08 0071133380 4589 2400 2000 506856
2016/03/08:11:55:31 0071133380 4589 2400 2000 46630
2016/03/08:13:12:40 0071133380 4589 2400 2000 46630
2016/03/08:14:40:10 0071133380 4589 2400 2000 52497
2016/03/08:17:15:26 0071133380 4589 2300 2000 63066
2016/03/08:19:42:34 0071133380 4589 2298 2000 69940
2016/03/09:07:46:53 0071133380 4589 2299 2000 141883
2016/03/09:09:57:14 0071133380 4589 2197 2000 144337
2016/03/09:10:52:53 0071133380 4589 2197 2000 150873
2016/03/09:15:02:39 0071133380 4589 2197 2000 158781
2016/03/09:15:53:40 0071133380 4589 2197 2000 158810
2016/03/09:18:41:49 0071133380 4589 2197 2000 168731
2016/03/09:19:59:23 0071133380 4589 2197 2000 168822
2016/03/09:20:27:10 0071133380 4589 2197 2000 168822
2016/03/09:21:16:22 0071133380 4589 2197 2000 181546
2016/03/09:22:32:52 0071133380 4589 2198 2000 181617
2016/03/09:22:44:45 0071133380 4589 2198 2000 181617
2016/03/09:23:24:50 0071133380 4589 2198 2000 183193
2016/03/09:23:46:03 0071133380 4589 2198 2000 183193
2016/03/10:05:03:45 0071133380 4589 2095 2000 214539
2016/03/10:07:50:45 0071133380 4589 2095 2000 216207
2016/03/10:09:37:54 0071133380 4589 2095 2000 223475
2016/03/10:11:07:33 0071133380 4589 2095 2000 225749
2016/03/10:11:57:57 0071133380 4589 2095 2000 225749
2016/03/10:12:25:43 0071133380 4589 2095 2000 225748
2016/03/10:13:50:58 0071133380 4589 2095 1999 227161
2016/03/10:14:04:08 0071133380 4589 2095 1999 227161
2016/03/10:15:30:04 0071133380 4589 2095 1999 229656
2016/03/10:16:39:16 0071133380 4589 2095 1999 234766
2016/03/10:19:16:39 0071133380 4589 1993 1999 241837
2016/03/10:20:20:06 0071133380 4589 1993 1999 242108
2016/03/10:22:55:08 0071133380 4589 1994 1999 46969
2016/03/11:07:47:57 0071133380 4589 1993 1999 89662
2016/03/11:09:49:24 0071133380 4589 1891 1999 100509
2016/03/11:13:41:03 0071133380 4589 1891 1999 104465
2016/03/11:15:51:57 0071133380 4589 1891 1999 109396
2016/03/11:16:47:58 0071133380 4589 1891 1999 109441
2016/03/11:17:28:42 0071133380 4589 1892 1999 117327
2016/03/11:19:35:14 0071133380 4589 1891 1999 117364
2016/03/11:22:47:27 0071133380 4589 1891 1999 141482
2016/03/12:12:11:23 0071133380 4589 1790 2000 165597
2016/03/12:13:46:57 0071133380 4589 1790 2000 166699
2016/03/12:18:54:05 0071133380 4589 1790 2000 33953
2016/03/13:09:28:27 0071133380 4589 1688 2000 92999
2016/03/13:11:13:12 0071133380 4589 1588 2000 96096
2016/03/13:16:20:56 0071133380 4589 1586 2000 98573
2016/03/13:18:14:47 0071133380 4589 1587 2000 108065
2016/03/13:19:45:12 0071133380 4589 1587 2000 108107
2016/03/13:22:43:38 0071133380 4589 1587 2000 123060
2016/03/14:07:47:38 0071133380 4589 1486 2000 138817
2016/03/14:08:58:46 0071133380 4589 1486 2000 152238
2016/03/14:09:36:51 0071133380 4589 1486 2000 152238
2016/03/14:10:13:22 0071133380 4589 1486 2000 152238
2016/03/15:14:45:05 0071133380 4589 2266 2000 214690
2016/03/15:17:28:11 0071133380 4589 2164 2000 224785
2016/03/15:18:46:07 0071133380 4589 2164 2000 224899
2016/03/15:20:10:10 0071133380 4589 2062 2000 225412
2016/03/15:20:44:43 0071133380 4589 2062 2000 225635
2016/03/15:22:39:58 0071133380 4589 2062 2000 235511
2016/03/16:00:30:58 0071133380 4589 2062 2000 244964
2016/03/16:08:08:41 0071133380 4589 1859 2000 266710
2016/03/16:21:35:20 0071133380 4589 3117 1499 284633
2016/03/16:23:26:13 0071133380 4589 3014 1499 294405
2016/03/17:07:28:14 0071133380 4589 2909 1499 303065
2016/03/17:08:54:53 0071133380 4589 2909 1499 303065
2016/03/17:13:44:18 0071133380 4589 2909 1499 307522
2016/03/17:14:34:37 0071133380 4589 2909 1499 306866
2016/03/17:16:00:14 0071133380 4589 2809 1499 307099
2016/03/17:17:18:46 0071133380 4589 2807 1499 308569
2016/03/17:18:20:59 0071133380 4589 2807 1499 311870
2016/03/17:22:24:45 0071133380 4589 2808 1499 317929
2016/03/18:07:39:37 0071133380 4589 2706 1499 338025
2016/03/18:08:51:42 0071133380 4589 2706 1499 338148
2016/03/18:13:43:18 0071133380 4589 2707 1499 339572
2016/03/19:00:36:01 0071133380 4589 2401 1499 75192
2016/03/19:10:39:56 0071133380 4589 2096 1499 112453
2016/03/19:12:14:26 0071133380 4589 2094 1499 114082
2016/03/19:13:06:43 0071133380 4589 2094 1499 114332
2016/03/19:21:00:05 0071133380 4589 1791 1499 137782
2016/03/19:23:37:52 0071133380 4589 1790 1499 138607
2016/03/20:08:09:57 0071133380 4589 1789 1499 169561
2016/03/20:09:50:42 0071133380 4589 1789 1499 169561
2016/03/20:12:11:40 0071133380 4589 1789 1499 172693
2016/03/20:13:41:00 0071133380 4589 1687 1499 173034
2016/03/20:14:38:25 0071133380 4589 1687 1499 173128
2016/03/20:18:01:32 0071133380 4589 1688 1499 178057
2016/03/20:20:00:40 0071133380 4589 1687 1499 183519
2016/03/20:21:49:05 0071133380 4589 1687 1499 183655
2016/03/21:08:10:45 0071133380 4589 1585 1499 219306
2016/03/21:09:20:40 0071133380 4589 1585 1499 219306
2016/03/21:10:11:30 0071133380 4589 1585 1499 219117
2016/03/21:17:56:37 0071133380 4589 1663 1499 225015
2016/03/21:19:16:41 0071133380 4589 1664 1499 230289
2016/03/21:23:03:29 0071133380 4589 1663 1499 239810
2016/03/22:10:09:41 0071133380 4589 1652 1499 271086
2016/03/22:11:00:27 0071133380 4589 1651 1499 271533
2016/03/23:07:55:59 0071133380 4589 3174 1450 65023
2016/03/23:09:23:04 0071133380 4589 3174 1450 65345
2016/03/23:13:07:19 0071133380 4589 3164 1447 79803
2016/03/23:14:05:45 0071133380 4589 3163 1446 83064
2016/03/23:17:47:37 0071133380 4589 3152 1444 88579
2016/03/23:18:58:20 0071133380 4589 3152 1444 97447
2016/03/23:20:07:03 0071133380 4589 3142 1443 97558
2016/03/23:21:19:44 0071133380 4589 3141 1442 97558
2016/03/23:22:08:24 0071133380 4589 3141 1441 110826
2016/03/23:23:05:12 0071133380 4589 3141 1441 123082
2016/03/24:07:52:29 0071133380 4589 3130 1440 148176
2016/03/24:10:00:46 0071133380 4589 3119 1440 149628
2016/03/24:11:05:21 0071133380 4589 3119 1439 152052
2016/03/24:12:15:54 0071133380 4589 3119 1439 152330
2016/03/24:14:00:18 0071133380 4589 3109 1438 153421
2016/03/24:15:10:27 0071133380 4589 3108 1437 158219
2016/03/24:16:55:16 0071133380 4589 3108 1437 158321
2016/03/24:20:51:39 0071133380 4589 3269 1435 170418
2016/03/24:22:55:20 0071133380 4589 3268 1434 172953
2016/03/25:07:46:25 0071133380 4589 2390 1433 202940
2016/03/25:21:48:58 0071133380 4589 2390 1426 228352
2016/03/26:10:04:44 0071133380 4589 2390 1425 249992
2016/03/26:13:22:20 0071133380 4589 2390 1424 253059
2016/03/26:17:59:07 0071133380 4589 2390 1424 256644
2016/03/26:20:29:35 0071133380 4589 2390 1424 260640
2016/03/28:18:32:56 0071133380 4589 2390 1412 68071
2016/03/28:20:22:56 0071133380 4589 2390 1412 78999
2016/03/28:21:26:44 0071133380 4589 2390 1411 89055
2016/03/29:06:37:42 0071133380 4589 2390 1410 124933
2016/03/29:10:53:37 0071133380 4589 3130 1409 131970
2016/03/29:15:10:33 0071133380 4589 3109 1406 135759
2016/03/29:16:25:22 0071133380 4589 3108 1406 138087
2016/03/29:19:21:14 0071133380 4589 3098 1405 145283
2016/03/29:21:43:29 0071133380 4589 3098 1404 153752
2016/03/30:09:12:50 0071133380 4589 3236 1403 197086
2016/03/30:13:26:35 0071133380 4589 3224 1401 201375
2016/03/30:15:51:31 0071133380 4589 3214 1401 203425
2016/03/30:16:35:01 0071133380 4589 3213 1400 203425
2016/03/30:18:52:35 0071133380 4589 3213 1399 214941
2016/03/30:21:01:10 0071133380 4589 3202 1399 224498
2016/03/31:06:59:15 0071133380 4589 3169 1397 243940
2016/03/31:08:44:40 0071133380 4589 3169 1397 253385
2016/03/31:09:32:44 0071133380 4589 3159 1396 253385
2016/03/31:12:32:58 0071133380 4589 3158 1394 256533
2016/03/31:13:39:14 0071133380 4589 3148 1394 258722
2016/03/31:16:23:46 0071133380 4589 3105 1393 263352
2016/03/31:21:10:22 0071133380 4589 3085 1391 274064
2016/04/01:07:20:04 0071133380 4589 3055 1390 293399
2016/04/01:08:30:51 0071133380 4589 3055 1390 294136
2016/04/01:09:20:21 0071133380 4589 3055 1390 294136
2016/04/01:16:23:31 0071133380 4589 3005 1388 298785
2016/04/01:17:30:23 0071133380 4589 3005 1387 298784
2016/04/01:18:29:16 0071133380 4589 2995 1387 303427
2016/04/01:19:27:22 0071133380 4589 2995 1386 303427
2016/04/01:21:19:24 0071133380 4589 2985 1385 308191
2016/04/01:22:30:01 0071133380 4589 2985 1385 308191
2016/04/02:08:06:19 0071133380 4589 2965 1385 328109
2016/04/02:09:18:12 0071133380 4589 2955 1385 328293
2016/04/02:19:58:08 0071133380 4589 2935 1380 334175
2016/04/02:22:26:23 0071133380 4589 2935 1378 336345
2016/04/03:08:54:55 0071133380 4589 2935 1378 343175
2016/04/03:09:49:08 0071133380 4589 2935 1377 343175
2016/04/04:19:44:17 0071133380 4589 2818 1375 364270
2016/04/05:06:55:30 0071133380 4589 2788 1373 381087
2016/04/05:15:05:28 0071133380 4589 2758 1370 377715
2016/04/05:15:58:08 0071133380 4589 2758 1369 377715
2016/04/05:21:36:27 0071133380 4589 2730 1366 381770
2016/04/06:06:53:16 0071133380 4589 2700 1365 394651
2016/04/06:10:39:45 0071133380 4589 2690 1364 393023
2016/04/06:14:26:22 0071133380 4589 2680 1363 392899
2016/04/06:22:49:48 0071133380 4589 2655 1359 400141
2016/04/07:07:12:46 0071133380 4589 2655 1359 57889
2016/04/07:17:19:24 0071133380 4589 2655 1500 83649
2016/04/07:18:35:44 0071133380 4589 2655 1500 95362
2016/04/08:10:20:19 0071133380 4589 2655 1359 61380
2016/04/09:07:51:13 0071133380 4589 2655 1500 127263
2016/04/10:06:57:11 0071133380 4589 2655 1500 175889
2016/04/10:08:29:25 0071133380 4589 2655 1500 176708
2016/04/10:10:06:05 0071133380 4589 2655 1500 176709
2016/04/10:10:40:26 0071133380 4589 2655 1500 176508
2016/04/10:11:17:54 0071133380 4589 2655 1500 176508
2016/04/10:16:07:14 0071133380 4589 2655 1500 180245
2016/04/10:21:36:22 0071133380 4589 2655 1500 190141
2016/04/11:00:53:58 0071133380 4589 2655 1500 201664
2016/04/11:06:41:34 0071133380 4589 2655 1500 219339
2016/04/11:12:54:48 0071133380 4589 2655 1500 224225
2016/04/12:07:03:47 0071133380 4589 2655 1500 269713
2016/04/12:08:05:29 0071133380 4589 2655 1500 270055
2016/04/12:09:25:18 0071133380 4589 2655 1500 270502
2016/04/12:13:03:33 0071133380 4589 2655 1500 271692
2016/04/12:21:32:45 0071133380 4589 2655 1500 294303
2016/04/13:08:11:11 0071133380 4589 2655 1500 313021
2016/04/13:11:25:23 0071133380 4589 2655 1500 312826
2016/04/13:15:04:59 0071133380 4589 2655 1500 315027
2016/04/13:15:56:57 0071133380 4589 2655 1500 315050
2016/04/14:06:43:40 0071133380 4589 2655 1500 341540
2016/04/14:08:33:00 0071133380 4589 2655 1500 341837
2016/04/14:09:25:25 0071133380 4589 2655 1500 341837
2016/04/15:11:54:57 0071133380 4589 2655 1500 363149
2016/04/17:19:05:58 0071133380 4589 2655 1500 194268
2016/04/17:21:49:15 0071133380 4589 2655 1500 199749
2016/04/18:08:00:36 0071133380 4589 2655 1500 226662
2016/04/18:09:23:30 0071133380 4589 2655 1500 226662
