Time: ISBN: Retail-Price: Lowest-New-Price: Lowest-Used-Price: Sales-Rank 
2016/02/10:15:15:25 0198596790 3846 3528 3450 68974
2016/02/10:17:02:22 0198596790 3846 3528 3448 75045
2016/02/10:18:27:09 0198596790 3846 3528 3448 75124
2016/02/10:22:26:00 0198596790 3846 3528 3433 90575
2016/02/11:07:44:06 0198596790 3846 3565 3433 40972
2016/02/11:09:34:20 0198596790 3846 3565 3433 60897
2016/02/11:10:00:59 0198596790 3846 3565 3433 60897
2016/02/11:11:51:33 0198596790 3846 3565 3433 59849
2016/02/11:12:00:58 0198596790 3846 3565 3433 59849
2016/02/11:12:07:43 0198596790 3846 3565 3433 59849
2016/02/11:12:52:26 0198596790 3846 3565 3433 61306
2016/02/11:14:05:39 0198596790 3846 3565 3433 61306
2016/02/11:15:24:56 0198596790 3846 3565 3309 62757
2016/02/11:17:10:57 0198596790 3846 3565 3309 69200
2016/02/11:18:59:19 0198596790 3846 3565 3309 69287
2016/02/11:22:04:27 0198596790 3846 3565 3309 84197
2016/02/12:07:31:24 0198596790 3846 3565 3309 121682
2016/02/12:09:20:41 0198596790 3846 3565 3309 134701
2016/02/12:09:37:42 0198596790 3846 3565 3309 134701
2016/02/12:09:40:16 0198596790 3846 3565 3309 134701
2016/02/12:09:40:42 0198596790 3846 3565 3309 134701
2016/02/13:12:34:45 0198596790 3846 3499 2325 42525
2016/02/13:12:35:39 0198596790 3846 3499 2325 42525
2016/02/13:12:41:52 0198596790 3846 3499 2325 42525
2016/02/13:12:42:20 0198596790 3846 3499 2325 42525
2016/02/13:12:42:39 0198596790 3846 3499 2325 42525
2016/02/13:12:43:15 0198596790 3846 3499 2325 42525
2016/02/13:13:26:37 0198596790 3846 3499 2325 44344
2016/02/13:13:34:37 0198596790 3846 3499 2325 44344
2016/02/13:15:20:19 0198596790 3846 3499 2325 49807
2016/02/18:17:17:57 0198596790 3846 3499 2321 168981
2016/02/18:18:04:07 0198596790 3846 3499 2321 169084
2016/02/18:19:11:55 0198596790 3846 3499 2321 169192
2016/02/18:20:40:37 0198596790 3846 3499 2321 169330
2016/02/18:21:42:41 0198596790 3846 3499 2321 179170
2016/02/18:22:40:19 0198596790 3846 3499 2321 179313
2016/02/19:07:48:34 0198596790 3846 3499 2321 203869
2016/02/19:09:34:31 0198596790 3846 3499 2321 210905
2016/02/19:11:25:53 0198596790 3846 3499 2321 210228
2016/02/19:13:03:15 0198596790 3846 3499 2321 210563
2016/02/19:15:00:09 0198596790 3846 3499 2320 210563
2016/02/19:16:49:59 0198596790 3846 3499 2320 211694
2016/02/19:17:22:28 0198596790 3846 3499 2320 211694
2016/02/19:17:38:55 0198596790 3846 3499 2320 215443
2016/02/19:19:28:22 0198596790 3846 3499 2321 215442
2016/02/19:20:25:26 0198596790 3846 3499 2320 213482
2016/02/19:22:11:00 0198596790 3846 3499 2320 220838
2016/02/20:01:59:37 0198596790 3846 3499 2319 28188
2016/02/20:06:07:11 0198596790 3846 3499 2319 53908
2016/02/20:09:15:50 0198596790 3846 3499 2319 68372
2016/02/20:10:33:14 0198596790 3846 3499 2319 68651
2016/02/20:11:12:31 0198596790 3846 3499 2319 71251
2016/02/20:12:05:38 0198596790 3846 3499 2319 71251
2016/02/20:13:03:39 0198596790 3846 3499 2319 71361
2016/02/20:14:25:10 0198596790 3846 3499 2319 73258
2016/02/20:15:36:10 0198596790 3846 3499 2319 77012
2016/02/20:16:50:29 0198596790 3846 3499 2319 77040
2016/02/20:18:45:28 0198596790 3846 3499 2319 84444
2016/02/20:19:37:03 0198596790 3846 3499 2319 84444
2016/02/20:21:18:02 0198596790 3846 3499 2319 96997
2016/02/20:21:41:36 0198596790 3846 3499 2319 96997
2016/02/21:02:22:35 0198596790 3846 3499 2319 31069
2016/02/21:09:43:10 0198596790 3846 3499 2319 56627
2016/02/21:10:50:23 0198596790 3846 3499 2319 56627
2016/02/21:11:41:23 0198596790 3846 3499 2319 57264
2016/02/21:14:11:23 0198596790 3846 3499 2320 57388
2016/02/21:14:56:54 0198596790 3846 3499 2320 58670
2016/02/21:17:18:29 0198596790 3846 3499 2320 66039
2016/02/21:17:42:35 0198596790 3846 3499 2320 66039
2016/02/21:18:13:02 0198596790 3846 3499 2320 66039
2016/02/21:20:12:43 0198596790 3846 3499 2320 65751
2016/02/21:22:00:16 0198596790 3846 3499 2318 23344
2016/02/21:22:24:34 0198596790 3846 3499 2318 23344
2016/02/21:23:35:16 0198596790 3846 3499 2318 24204
2016/02/22:07:46:57 0198596790 3846 3499 2318 65486
2016/02/22:09:50:28 0198596790 3846 3499 2318 63330
2016/02/22:11:01:34 0198596790 3846 3499 2318 68039
2016/02/22:11:59:12 0198596790 3846 3499 2318 68039
2016/02/22:15:19:49 0198596790 3846 3499 2318 67659
2016/02/22:16:42:31 0198596790 3846 3499 2318 67659
2016/02/22:20:50:09 0198596790 3846 3499 2318 72609
2016/02/23:09:30:39 0198596790 3846 3499 2318 127501
2016/02/23:10:56:57 0198596790 3846 3499 2318 136810
2016/02/23:11:59:51 0198596790 3846 3499 2318 136121
2016/02/23:13:50:23 0198596790 3846 3499 2318 135934
2016/02/23:15:05:55 0198596790 3846 3499 2318 135926
2016/02/23:16:04:41 0198596790 3846 3499 2318 135926
2016/02/23:17:25:19 0198596790 3846 3499 2318 138982
2016/02/23:19:31:18 0198596790 3846 3499 2318 144602
2016/02/24:09:14:21 0198596790 3846 3499 2317 173223
2016/02/24:10:20:52 0198596790 3846 3499 2317 171168
2016/02/24:11:12:48 0198596790 3846 3499 2317 173374
2016/02/24:11:17:05 0198596790 3846 3499 2317 173374
2016/02/24:13:07:20 0198596790 3846 3499 2000 171210
2016/02/24:14:11:40 0198596790 3846 3499 2000 171210
2016/02/24:16:47:02 0198596790 3846 3499 2000 171424
2016/02/24:19:39:56 0198596790 3846 3499 2000 173447
2016/02/24:21:08:23 0198596790 3846 3499 2000 188666
2016/02/24:22:41:23 0198596790 3846 3499 2000 188665
2016/02/24:23:04:14 0198596790 3846 3499 2000 188665
2016/02/25:08:04:50 0198596790 3846 3499 2000 214111
2016/02/25:08:58:20 0198596790 3846 3499 2000 214639
2016/02/25:10:08:24 0198596790 3846 3499 2000 216039
2016/02/25:11:33:31 0198596790 3846 3499 2000 217518
2016/02/25:15:18:23 0198596790 3846 3499 2000 218738
2016/02/25:16:50:48 0198596790 3846 3499 2000 222585
2016/02/25:19:00:38 0198596790 3846 3499 2000 222623
2016/02/25:21:33:09 0198596790 3846 3499 2000 228401
2016/02/25:22:30:17 0198596790 3846 3499 2000 228401
2016/02/26:07:29:39 0198596790 3846 3499 2000 246658
2016/02/26:08:46:31 0198596790 3846 3499 2000 247277
2016/02/26:09:49:00 0198596790 3846 3499 2000 245119
2016/02/26:10:50:14 0198596790 3846 3499 2000 245419
2016/02/26:13:18:44 0198596790 3846 3499 2000 243200
2016/02/26:15:27:15 0198596790 3846 3499 2000 245122
2016/02/26:19:51:26 0198596790 3846 3499 2316 248638
2016/02/26:22:46:53 0198596790 3846 3499 2316 257011
2016/02/26:23:49:26 0198596790 3846 3499 2316 257011
2016/02/27:08:07:12 0198596790 3846 3499 2316 70684
2016/02/27:09:38:17 0198596790 3846 3499 2316 77558
2016/02/27:10:38:44 0198596790 3846 3499 2316 77931
2016/02/27:12:17:55 0198596790 3846 3499 2316 79662
2016/02/27:14:23:16 0198596790 3846 3499 2316 81398
2016/02/27:16:30:13 0198596790 3846 3499 2315 83380
2016/02/27:17:05:33 0198596790 3846 3499 2315 83408
2016/02/27:17:47:14 0198596790 3846 3499 2315 89727
2016/02/27:19:41:23 0198596790 3846 3499 2315 89761
2016/02/27:23:54:05 0198596790 3846 3499 2315 110587
2016/02/28:00:25:48 0198596790 3846 3499 2315 110587
2016/02/28:03:40:13 0198596790 3846 3499 2315 126663
2016/02/28:10:24:47 0198596790 3846 3499 2315 143538
2016/02/28:11:12:38 0198596790 3846 3499 2315 143948
2016/02/28:13:15:39 0198596790 3846 3499 2315 144326
2016/02/28:17:20:04 0198596790 3846 3499 2315 150428
2016/02/28:19:28:32 0198596790 3846 3499 2315 157314
2016/02/28:19:31:53 0198596790 3846 3499 2315 157314
2016/02/28:20:46:19 0198596790 3846 3499 2315 157509
2016/02/28:22:18:17 0198596790 3846 3499 2315 167521
2016/02/28:22:58:09 0198596790 3846 3499 2315 167725
2016/02/29:09:24:10 0198596790 3846 3499 2315 200043
2016/02/29:10:32:11 0198596790 3846 3499 2315 199154
2016/02/29:11:53:59 0198596790 3846 3499 2315 199215
2016/02/29:12:23:02 0198596790 3846 3499 2315 201178
2016/02/29:12:42:14 0198596790 3846 3499 2315 201178
2016/02/29:13:46:04 0198596790 3846 3499 2314 201268
2016/02/29:15:22:22 0198596790 3846 3499 2314 202007
2016/02/29:15:43:47 0198596790 3846 3499 2314 202007
2016/02/29:16:18:23 0198596790 3846 3499 2314 202007
2016/02/29:17:16:08 0198596790 3846 3499 2314 202007
2016/03/01:02:12:15 0198596790 3846 3499 3209 225952
2016/03/01:09:28:35 0198596790 3846 3499 3491 46634
2016/03/01:11:53:00 0198596790 3846 3499 3491 56573
2016/03/01:14:50:12 0198596790 3846 3499 3491 59731
2016/03/01:15:15:45 0198596790 3846 3499 3491 59823
2016/03/01:18:39:11 0198596790 3846 3499 3491 77810
2016/03/01:19:59:47 0198596790 3846 3499 3491 77875
2016/03/01:20:58:41 0198596790 3846 3499 3491 95299
2016/03/01:21:50:46 0198596790 3846 3499 3491 96709
2016/03/01:23:06:20 0198596790 3846 3499 3491 96932
2016/03/01:23:21:45 0198596790 3846 3499 3491 96932
2016/03/02:07:22:34 0198596790 3846 3499 3491 140099
2016/03/02:09:37:04 0198596790 3846 3499 3491 141110
2016/03/02:11:57:25 0198596790 3846 3499 3491 151224
2016/03/02:12:45:31 0198596790 3846 3499 3491 152765
2016/03/02:15:49:47 0198596790 3846 3499 3491 154051
2016/03/02:16:45:05 0198596790 3846 3499 3491 154051
2016/03/02:18:40:47 0198596790 3846 3499 3491 165261
2016/03/02:19:04:13 0198596790 3846 3499 3491 165296
2016/03/02:19:06:40 0198596790 3846 3499 3491 165296
2016/03/02:19:07:25 0198596790 3846 3499 3491 165296
2016/03/02:19:12:34 0198596790 3846 3499 3491 165296
2016/03/02:19:19:09 0198596790 3846 3499 3491 165296
2016/03/02:19:20:59 0198596790 3846 3499 3491 165296
2016/03/02:19:21:05 0198596790 3846 3499 3491 165296
2016/03/02:19:22:29 0198596790 3846 3499 3491 165296
2016/03/02:19:22:40 0198596790 3846 3499 3491 165296
2016/03/02:19:23:30 0198596790 3846 3499 3491 165296
2016/03/02:19:23:59 0198596790 3846 3499 3491 165296
2016/03/02:19:25:14 0198596790 3846 3499 3491 165296
2016/03/02:19:26:49 0198596790 3846 3499 3491 165296
2016/03/02:19:27:51 0198596790 3846 3499 3491 165296
2016/03/02:19:34:48 0198596790 3846 3499 3491 165296
2016/03/02:20:27:10 0198596790 3846 3499 3491 176817
2016/03/02:20:29:31 0198596790 3846 3499 3491 176817
2016/03/02:21:19:53 0198596790 3846 3499 3491 177097
2016/03/02:23:03:19 0198596790 3846 3499 3491 176869
2016/03/03:09:22:19 0198596790 3846 3499 3491 200789
2016/03/03:10:16:51 0198596790 3846 3499 3491 200789
2016/03/03:10:33:05 0198596790 3846 3499 3491 207047
2016/03/03:11:34:29 0198596790 3846 3499 3491 207047
2016/03/03:12:10:32 0198596790 3846 3499 3491 207047
2016/03/03:12:34:26 0198596790 3846 3499 3491 207047
2016/03/03:12:56:59 0198596790 3846 3499 3491 207047
2016/03/03:15:08:55 0198596790 3846 3499 3491 204424
2016/03/03:17:07:49 0198596790 3846 3499 3491 205776
2016/03/03:17:41:42 0198596790 3846 3499 3491 205776
2016/03/03:18:01:00 0198596790 3846 3499 3491 205776
2016/03/03:18:27:41 0198596790 3846 3499 3491 205776
2016/03/03:19:50:47 0198596790 3846 3499 3491 210610
2016/03/03:20:37:03 0198596790 3846 3499 3491 210610
2016/03/04:07:28:52 0198596790 3846 3499 3491 235374
2016/03/04:09:07:12 0198596790 3846 3499 3491 235964
2016/03/04:09:42:15 0198596790 3846 3499 3491 240743
2016/03/04:11:02:06 0198596790 3846 3499 3491 240832
2016/03/04:11:22:14 0198596790 3846 3499 3491 240399
2016/03/04:11:30:24 0198596790 3846 3499 3491 240399
2016/03/04:11:49:07 0198596790 3846 3499 3491 240399
2016/03/04:13:00:17 0198596790 3846 3499 3491 239606
2016/03/04:16:20:28 0198596790 3846 3499 3491 240752
2016/03/04:21:09:08 0198596790 3846 3499 3000 250181
2016/03/04:22:31:16 0198596790 3846 3499 3000 258516
2016/03/04:23:26:18 0198596790 3846 3499 3000 258516
2016/03/05:08:36:22 0198596790 3846 3499 3000 269696
2016/03/05:09:52:34 0198596790 3846 3499 3000 271868
2016/03/05:10:50:45 0198596790 3846 3499 3000 271868
2016/03/05:11:45:26 0198596790 3846 3499 3000 270185
2016/03/05:11:46:03 0198596790 3846 3499 3000 270185
2016/03/05:12:10:25 0198596790 3846 3499 3000 270185
2016/03/05:12:30:46 0198596790 3846 3499 3000 270185
2016/03/05:12:45:36 0198596790 3846 3499 3000 270185
2016/03/05:12:46:33 0198596790 3846 3499 3000 270185
2016/03/05:17:32:24 0198596790 3846 3499 3000 266002
2016/03/05:19:21:54 0198596790 3846 3499 3000 266687
2016/03/05:20:10:53 0198596790 3846 3499 3000 268740
2016/03/05:21:41:29 0198596790 3846 3499 3000 272640
2016/03/05:23:02:17 0198596790 3846 3499 3000 269862
2016/03/06:03:42:38 0198596790 3846 3499 3000 275601
2016/03/06:08:29:19 0198596790 3846 3499 3000 281334
2016/03/06:09:33:08 0198596790 3846 3499 3000 283205
2016/03/06:10:25:32 0198596790 3846 3499 3000 283205
2016/03/06:11:20:37 0198596790 3846 3499 3000 283583
2016/03/06:13:26:54 0198596790 3846 3499 3000 282698
2016/03/06:14:21:39 0198596790 3846 3499 3000 282270
2016/03/06:14:36:41 0198596790 3846 3499 3000 282270
2016/03/06:15:44:15 0198596790 3846 3499 3000 281472
2016/03/06:16:14:23 0198596790 3846 3499 3000 281472
2016/03/06:16:27:25 0198596790 3846 3499 3000 281472
2016/03/06:17:41:50 0198596790 3846 3499 3000 282429
2016/03/06:20:39:06 0198596790 3846 3499 3000 279500
2016/03/06:22:24:17 0198596790 3846 3499 3000 282887
2016/03/06:22:48:08 0198596790 3846 3499 3000 282887
2016/03/06:22:59:48 0198596790 3846 3499 3000 282919
2016/03/07:07:29:02 0198596790 3846 3499 3000 293516
2016/03/07:09:19:39 0198596790 3846 3499 3000 290685
2016/03/07:10:43:50 0198596790 3846 3499 3000 287404
2016/03/07:11:22:20 0198596790 3846 3499 3000 288034
2016/03/07:12:26:33 0198596790 3846 3499 3000 288808
2016/03/07:13:52:24 0198596790 3846 3499 3000 288344
2016/03/07:15:21:36 0198596790 3846 3499 3000 288344
2016/03/07:16:11:14 0198596790 3846 3499 3000 290284
2016/03/07:16:48:41 0198596790 3846 3499 3000 290558
2016/03/07:19:01:12 0198596790 3846 3499 3000 289269
2016/03/07:22:33:02 0198596790 3846 3499 3000 299258
2016/03/07:23:40:08 0198596790 3846 3499 3000 299525
2016/03/08:07:34:23 0198596790 3846 3499 3000 308046
2016/03/08:08:57:02 0198596790 3846 3499 3000 305255
2016/03/08:11:47:26 0198596790 3846 3499 3000 302352
2016/03/08:13:04:33 0198596790 3846 3499 3000 302351
2016/03/08:14:32:00 0198596790 3846 3499 3000 300560
2016/03/08:17:07:19 0198596790 3846 3499 3000 301733
2016/03/08:19:34:27 0198596790 3846 3499 3000 301517
2016/03/09:07:38:47 0198596790 3846 3499 3000 323060
2016/03/09:08:55:55 0198596790 3846 3499 3000 320716
2016/03/09:09:49:09 0198596790 3846 3499 3000 320716
2016/03/09:10:44:40 0198596790 3846 3499 3000 320752
2016/03/09:14:54:33 0198596790 3846 3499 3000 317554
2016/03/09:15:45:34 0198596790 3846 3499 3000 317554
2016/03/09:18:33:44 0198596790 3846 3499 3000 42652
2016/03/09:19:51:04 0198596790 3846 3499 3000 42654
2016/03/09:20:19:03 0198596790 3846 3499 3000 42654
2016/03/09:21:07:23 0198596790 3846 3499 3000 63059
2016/03/09:22:24:43 0198596790 3846 3499 3000 63059
2016/03/09:22:36:39 0198596790 3846 3499 3000 63059
2016/03/09:23:16:43 0198596790 3846 3499 3000 65317
2016/03/09:23:37:54 0198596790 3846 3499 3000 65317
2016/03/10:04:55:38 0198596790 3846 3499 3000 110979
2016/03/10:07:42:40 0198596790 3846 3499 3000 112669
2016/03/10:09:29:04 0198596790 3846 3499 3000 122195
2016/03/10:10:35:09 0198596790 3846 3499 3000 122195
2016/03/10:10:58:59 0198596790 3846 3499 3000 122195
2016/03/10:11:49:45 0198596790 3846 3499 3000 124529
2016/03/10:12:17:15 0198596790 3846 3499 3000 124528
2016/03/10:13:42:51 0198596790 3846 3499 3000 125636
2016/03/10:13:55:45 0198596790 3846 3499 3000 125636
2016/03/10:15:21:55 0198596790 3846 3499 3000 128121
2016/03/10:16:31:10 0198596790 3846 3499 3000 128187
2016/03/10:19:04:41 0198596790 3846 3499 3000 142086
2016/03/10:20:11:58 0198596790 3846 3499 3000 142352
2016/03/10:22:47:03 0198596790 3846 3499 3000 153701
2016/03/11:07:39:52 0198596790 3846 3499 3000 176795
2016/03/11:09:40:50 0198596790 3846 3499 3000 183639
2016/03/11:13:32:57 0198596790 3846 3499 3000 183687
2016/03/11:15:39:31 0198596790 3846 3499 3000 186262
2016/03/11:16:39:09 0198596790 3846 3499 3000 186307
2016/03/11:17:20:20 0198596790 3846 3499 3000 191391
2016/03/11:19:27:07 0198596790 3846 3499 3000 191428
2016/03/11:22:39:21 0198596790 3846 3499 3000 199198
2016/03/12:10:28:36 0198596790 3846 3499 3000 221850
2016/03/12:12:03:17 0198596790 3846 3499 3000 221581
2016/03/12:13:38:48 0198596790 3846 3499 3000 221580
2016/03/12:18:44:24 0198596790 3846 3499 3000 228454
2016/03/13:09:20:21 0198596790 3846 3499 3000 254803
2016/03/13:11:05:06 0198596790 3846 3499 3000 254893
2016/03/13:16:12:50 0198596790 3846 3499 3000 253445
2016/03/13:18:06:41 0198596790 3846 3499 3000 255642
2016/03/13:19:37:07 0198596790 3846 3499 3000 255685
2016/03/13:22:35:23 0198596790 3846 3499 3000 261989
2016/03/14:07:39:31 0198596790 3846 3499 3000 265065
2016/03/14:08:50:39 0198596790 3846 3499 3000 273109
2016/03/14:09:02:29 0198596790 3846 3499 3000 273109
2016/03/14:09:28:45 0198596790 3846 3499 3000 273109
2016/03/14:10:05:12 0198596790 3846 3499 3000 273109
2016/03/15:14:28:34 0198596790 3846 3499 3000 295002
2016/03/15:17:11:40 0198596790 3846 3393 3000 294901
2016/03/15:18:29:39 0198596790 3846 3393 3000 297723
2016/03/15:19:53:41 0198596790 3846 3393 3000 295841
2016/03/15:20:28:28 0198596790 3846 3393 3000 295841
2016/03/15:22:23:27 0198596790 3846 3393 3000 302322
2016/03/16:00:14:31 0198596790 3846 3393 3000 308475
2016/03/16:07:52:19 0198596790 3846 3499 3000 315175
2016/03/16:08:59:19 0198596790 3846 3499 3000 319898
2016/03/16:21:18:45 0198596790 3846 3393 2995 319196
2016/03/16:23:05:37 0198596790 3846 3393 2995 319400
2016/03/17:07:11:41 0198596790 3846 3393 2995 333043
2016/03/17:08:38:25 0198596790 3846 3393 2995 330896
2016/03/17:09:05:19 0198596790 3846 3393 2995 330896
2016/03/17:13:27:33 0198596790 3846 3393 2995 333106
2016/03/17:14:18:02 0198596790 3846 3499 2995 331132
2016/03/17:15:43:33 0198596790 3846 3499 2995 331365
2016/03/17:17:02:09 0198596790 3846 3499 2995 331212
2016/03/17:18:04:11 0198596790 3846 3393 2995 332710
2016/03/17:22:07:52 0198596790 3846 3393 2995 333900
2016/03/18:07:23:03 0198596790 3846 3499 2995 343735
2016/03/18:08:35:20 0198596790 3846 3499 2995 342394
2016/03/18:13:26:37 0198596790 3846 3499 2994 341575
2016/03/18:14:30:15 0198596790 3846 3499 2994 340991
2016/03/19:00:19:13 0198596790 3846 3393 2316 343731
2016/03/19:10:23:18 0198596790 3846 3499 2315 345301
2016/03/19:11:57:50 0198596790 3846 3499 2315 343037
2016/03/19:12:50:13 0198596790 3846 3499 2315 343287
2016/03/19:14:08:50 0198596790 3846 3499 2315 341776
2016/03/19:16:07:07 0198596790 3846 3499 2315 341265
2016/03/19:20:43:27 0198596790 3846 3393 2315 344048
2016/03/19:23:21:14 0198596790 3846 3393 2315 340813
2016/03/20:07:53:01 0198596790 3846 3499 2315 44541
2016/03/20:09:34:04 0198596790 3846 3499 2315 44541
2016/03/20:11:54:24 0198596790 3846 3499 2315 49718
2016/03/20:13:24:13 0198596790 3846 3499 2315 55361
2016/03/20:14:21:48 0198596790 3846 3499 2315 55361
2016/03/20:17:45:01 0198596790 3846 3393 2315 64885
2016/03/20:19:44:15 0198596790 3846 3393 2315 66906
2016/03/20:21:32:19 0198596790 3846 3393 2315 76860
2016/03/21:07:54:09 0198596790 3846 3499 2315 133533
2016/03/21:09:04:11 0198596790 3846 3499 2315 133533
2016/03/21:09:55:00 0198596790 3846 3499 2315 134321
2016/03/21:15:20:53 0198596790 3846 3499 2315 138536
2016/03/21:17:40:08 0198596790 3846 3393 2315 144476
2016/03/21:19:00:08 0198596790 3846 3393 2315 151781
2016/03/21:22:46:48 0198596790 3846 3393 2315 165049
2016/03/22:09:53:21 0198596790 3846 3393 2315 204656
2016/03/22:10:44:02 0198596790 3846 3393 2315 204656
2016/03/22:11:43:48 0198596790 3846 3499 2315 205104
2016/03/22:22:58:40 0198596790 3846 3393 2995 227307
2016/03/23:07:35:02 0198596790 3846 3499 2995 245546
2016/03/23:09:02:22 0198596790 3846 3499 2995 246063
2016/03/23:11:22:35 0198596790 3846 3499 2995 250825
2016/03/23:12:46:31 0198596790 3846 3499 2995 250564
2016/03/23:13:45:11 0198596790 3846 3499 2995 250563
2016/03/23:17:26:24 0198596790 3846 3393 2995 251798
2016/03/23:18:37:47 0198596790 3846 3393 2995 255314
2016/03/23:19:46:25 0198596790 3846 3393 2275 255425
2016/03/23:20:59:16 0198596790 3846 3393 2275 255425
2016/03/23:21:47:48 0198596790 3846 3393 2275 255425
2016/03/23:22:44:29 0198596790 3846 3393 2275 261946
2016/03/24:07:31:41 0198596790 3846 3499 2275 279702
2016/03/24:09:40:07 0198596790 3846 3499 2275 279781
2016/03/24:10:44:34 0198596790 3846 3499 2995 280635
2016/03/24:11:55:12 0198596790 3846 3499 2995 280912
2016/03/24:13:39:33 0198596790 3846 3499 2995 280966
2016/03/24:14:49:32 0198596790 3846 3499 2995 281133
2016/03/24:16:34:27 0198596790 3846 3499 2995 284127
2016/03/24:18:20:56 0198596790 3846 3393 2995 30575
2016/03/24:20:30:58 0198596790 3846 3393 2995 41184
2016/03/24:22:34:01 0198596790 3846 3393 2995 46644
2016/03/25:07:25:25 0198596790 3846 3499 2995 96001
2016/03/25:09:00:42 0198596790 3846 3499 2995 105365
2016/03/25:09:31:12 0198596790 3846 3499 2995 105365
2016/03/25:21:26:05 0198596790 3846 3393 2995 130163
2016/03/26:09:43:15 0198596790 3846 3499 2995 155194
2016/03/26:13:01:00 0198596790 3846 3499 2995 158591
2016/03/26:17:37:42 0198596790 3846 3393 2995 163014
2016/03/26:20:08:27 0198596790 3846 3393 2995 168083
2016/03/26:21:03:06 0198596790 3846 3393 2995 168083
2016/03/27:11:10:34 0198596790 3846 3499 2995 196237
2016/03/27:13:30:48 0198596790 3846 3499 2995 196691
2016/03/28:18:11:40 0198596790 3846 3499 2995 233064
2016/03/28:20:01:47 0198596790 3846 3499 2995 237206
2016/03/28:21:05:43 0198596790 3846 3499 2995 237205
2016/03/29:06:16:34 0198596790 3846 3499 2995 256413
2016/03/29:07:24:04 0198596790 3846 3499 2995 255702
2016/03/29:10:32:39 0198596790 3846 3499 2995 258984
2016/03/29:13:12:13 0198596790 3846 3499 2995 258035
2016/03/29:14:49:27 0198596790 3846 3499 2995 258108
2016/03/29:16:04:31 0198596790 3846 3499 2995 258258
2016/03/29:19:00:09 0198596790 3846 3393 2995 262139
2016/03/29:21:22:13 0198596790 3846 3393 2995 267227
2016/03/30:08:51:32 0198596790 3846 3499 2995 291506
2016/03/30:13:05:32 0198596790 3846 3499 2995 289625
2016/03/30:15:30:19 0198596790 3846 3499 2995 288354
2016/03/30:16:13:10 0198596790 3846 3499 2995 288355
2016/03/30:18:31:28 0198596790 3846 3393 2995 292007
2016/03/30:20:40:15 0198596790 3846 3393 2995 297226
2016/03/31:06:38:22 0198596790 3846 3499 2995 307342
2016/03/31:08:23:34 0198596790 3846 3499 2995 314005
2016/03/31:09:11:47 0198596790 3846 3499 2995 314005
2016/03/31:12:11:37 0198596790 3846 3499 2995 312839
2016/03/31:13:17:56 0198596790 3846 3499 2995 313180
2016/03/31:14:08:12 0198596790 3846 3499 2995 313076
2016/03/31:16:02:36 0198596790 3846 3499 2956 314892
2016/03/31:20:49:04 0198596790 3846 3393 2959 319965
2016/04/01:06:59:02 0198596790 3846 3499 2959 330553
2016/04/01:08:09:44 0198596790 3846 3499 2959 330553
2016/04/01:08:59:20 0198596790 3846 3499 2959 330648
2016/04/01:16:02:38 0198596790 3846 3499 2962 330372
2016/04/01:17:09:22 0198596790 3846 3499 2962 333156
2016/04/01:18:08:21 0198596790 3846 3393 2962 335807
2016/04/01:19:06:27 0198596790 3846 3393 2962 335807
2016/04/01:20:58:19 0198596790 3846 3393 2962 337854
2016/04/01:22:08:58 0198596790 3846 3393 2962 337854
2016/04/02:07:45:14 0198596790 3846 3499 2962 342384
2016/04/02:08:26:10 0198596790 3846 3499 2962 342384
2016/04/02:08:57:16 0198596790 3846 3499 2962 342384
2016/04/02:09:54:31 0198596790 3846 3499 2962 342568
2016/04/02:19:36:49 0198596790 3846 3393 2962 343945
2016/04/02:22:05:15 0198596790 3846 3393 2962 344660
2016/04/03:08:33:54 0198596790 3846 3499 2962 342699
2016/04/03:09:28:06 0198596790 3846 3499 2962 342913
2016/04/03:10:59:34 0198596790 3846 3499 2962 340474
2016/04/03:21:49:48 0198596790 3846 3393 2962 343678
2016/04/04:08:38:54 0198596790 3846 3499 2962 345200
2016/04/04:13:26:31 0198596790 3846 3499 2962 340651
2016/04/04:19:23:06 0198596790 3846 3393 2962 347741
2016/04/04:22:04:02 0198596790 3846 3393 2962 350731
2016/04/05:06:34:22 0198596790 3846 3499 2795 84235
2016/04/05:14:44:22 0198596790 3846 3499 2959 95672
2016/04/05:15:36:57 0198596790 3846 3499 2959 102937
2016/04/05:21:15:08 0198596790 3846 3393 2959 34591
2016/04/06:06:32:15 0198596790 3846 3499 2959 83506
2016/04/06:10:18:56 0198596790 3846 3499 2959 85470
2016/04/06:11:54:48 0198596790 3846 3499 2959 85187
2016/04/06:14:04:59 0198596790 3846 3499 2959 88715
2016/04/06:16:51:37 0198596790 3846 3393 2959 91072
2016/04/06:22:28:25 0198596790 3846 3393 2959 118847
2016/04/07:06:51:30 0198596790 3846 3499 2959 142514
2016/04/07:07:48:14 0198596790 3846 3499 2959 142515
2016/04/07:11:47:31 0198596790 3846 3499 2959 144357
2016/04/07:16:57:31 0198596790 3846 3393 2959 155085
2016/04/07:18:14:30 0198596790 3846 3393 2959 162845
2016/04/07:22:10:20 0198596790 3846 3393 2959 174337
2016/04/08:09:09:24 0198596790 3846 3499 2959 200857
2016/04/08:09:58:42 0198596790 3846 3529 2959 200857
2016/04/08:10:54:43 0198596790 3846 3529 2959 200366
2016/04/08:11:47:12 0198596790 3846 3529 2959 200791
2016/04/08:14:03:00 0198596790 3846 3529 2959 200522
2016/04/09:07:29:43 0198596790 3846 3496 2959 234759
2016/04/09:08:11:13 0198596790 3846 3496 2959 234759
2016/04/10:06:35:54 0198596790 3846 3496 2959 262739
2016/04/10:08:07:49 0198596790 3846 3496 2959 262740
2016/04/10:09:44:43 0198596790 3846 3496 2959 263560
2016/04/10:10:19:13 0198596790 3846 3496 2959 263560
2016/04/10:10:56:35 0198596790 3846 3496 2959 263403
2016/04/10:15:45:48 0198596790 3846 3496 2959 265310
2016/04/10:21:14:32 0198596790 3846 3390 2926 270463
2016/04/11:00:32:23 0198596790 3846 3390 2926 276305
2016/04/11:06:20:00 0198596790 3846 3496 2926 286829
2016/04/11:08:20:46 0198596790 3846 3496 2926 284557
2016/04/11:12:33:40 0198596790 3846 3496 2926 282323
2016/04/12:06:42:06 0198596790 3846 3496 2929 310869
2016/04/12:07:44:10 0198596790 3846 3496 2929 311212
2016/04/12:09:03:52 0198596790 3846 3496 2929 308754
2016/04/12:12:39:32 0198596790 3846 3496 2929 306739
2016/04/12:13:59:42 0198596790 3846 3496 2929 306082
2016/04/12:21:11:03 0198596790 3846 3390 2929 65895
2016/04/13:07:49:53 0198596790 3846 3496 2929 42643
2016/04/13:08:38:44 0198596790 3846 3496 2929 42643
2016/04/13:11:04:06 0198596790 3846 3496 2929 43723
2016/04/13:14:43:44 0198596790 3846 3496 2926 55063
2016/04/13:15:35:49 0198596790 3846 3496 2926 55090
2016/04/13:19:50:19 0198596790 3846 3390 2926 80628
2016/04/13:20:38:17 0198596790 3846 3390 2926 80847
2016/04/14:06:22:45 0198596790 3846 3496 2926 122569
2016/04/14:08:12:07 0198596790 3846 3496 2926 122805
2016/04/14:09:04:33 0198596790 3846 3496 2926 122902
2016/04/14:16:11:40 0198596790 3846 3496 2633 130143
2016/04/14:17:35:30 0198596790 3846 3496 2633 130189
2016/04/15:11:34:03 0198596790 3846 3496 2633 165832
2016/04/17:18:45:01 0198596790 3846 3390 2633 248630
2016/04/17:21:28:29 0198596790 3846 3390 2633 251961
2016/04/18:07:02:48 0198596790 3846 3496 2633 71271
2016/04/18:07:39:42 0198596790 3846 3496 2633 71271
2016/04/18:09:02:40 0198596790 3846 3496 2633 74367
2016/05/12:09:50:32 0198596790 3854 3469 1172 40556
2016/05/12:10:01:42 0198596790 3854 3469 1172 40556
2016/05/12:10:02:22 0198596790 3854 3469 1172 40556
2016/11/27:12:01:18 0198596790 3824 3498 2599 418693
2016/11/27:12:02:11 0198596790 3824 3498 2599 418693
2017/01/09:10:58:10 0198596790 4049 3515 2581 216213
