Time: ISBN: Retail-Price: Lowest-New-Price: Lowest-Used-Price: Sales-Rank
2016/03/15:14:54:50 1420075284 6999 1150 1391 359778
2016/03/15:17:37:56 1420075284 6999 1150 1391 362596
2016/03/15:18:55:53 1420075284 6999 1150 1391 362710
2016/03/15:20:20:00 1420075284 6999 1150 1391 361439
2016/03/15:20:54:23 1420075284 6999 1150 1391 361662
2016/03/15:22:49:45 1420075284 6999 1150 1391 367366
2016/03/16:00:40:44 1420075284 6999 1150 1391 372825
2016/03/16:08:18:24 1420075284 6999 1150 1391 380728
2016/03/16:21:45:01 1420075284 6999 1150 1391 380652
2016/03/16:23:36:03 1420075284 6999 1150 1391 387387
2016/03/17:07:38:00 1420075284 6999 1150 1391 392158
2016/03/17:09:04:36 1420075284 6999 1150 1391 392158
2016/03/17:13:54:08 1420075284 6999 1200 1391 394066
2016/03/17:14:44:22 1420075284 6999 1200 1391 392585
2016/03/17:16:10:03 1420075284 6999 1200 1391 392818
2016/03/17:17:28:29 1420075284 6999 1200 1391 393031
2016/03/17:18:30:48 1420075284 6999 1200 1391 394663
2016/03/17:22:34:38 1420075284 6999 1200 1391 397088
2016/03/18:07:49:20 1420075284 6999 1200 1391 408853
2016/03/18:09:01:24 1420075284 6999 1200 1391 408114
2016/03/18:13:53:10 1420075284 6999 1200 1391 408508
2016/03/19:00:45:45 1420075284 6999 1200 1391 416301
2016/03/19:10:49:40 1420075284 6999 1200 1391 44260
2016/03/19:13:16:22 1420075284 6999 1200 1391 47499
2016/03/19:21:09:48 1420075284 6999 1200 1391 82199
2016/03/19:23:47:34 1420075284 6999 1200 1391 98854
2016/03/20:08:19:50 1420075284 6999 1200 1391 128006
2016/03/20:10:00:25 1420075284 6999 1200 1391 131567
2016/03/20:12:21:24 1420075284 6999 1200 1391 21832
2016/03/20:13:50:47 1420075284 6999 1200 1391 23939
2016/03/20:14:48:08 1420075284 6999 1200 1391 23939
2016/03/20:18:11:13 1420075284 6999 1200 1391 36168
2016/03/20:20:10:19 1420075284 6999 1200 1391 47167
2016/03/20:21:58:52 1420075284 6999 1200 1391 47269
2016/03/21:08:20:26 1420075284 6999 1200 1391 107368
2016/03/21:09:30:19 1420075284 6999 1200 1391 107368
2016/03/21:10:21:13 1420075284 6999 1200 1391 107368
2016/03/21:18:06:20 1420075284 6999 1200 1391 121266
2016/03/21:19:26:22 1420075284 6999 1200 1391 121306
2016/03/21:23:13:20 1420075284 6999 1200 1391 133443
2016/03/22:10:19:26 1420075284 6999 1200 1391 169865
2016/03/22:11:10:12 1420075284 6999 1200 1391 170313
2016/03/23:08:08:21 1420075284 6999 1200 1391 212324
2016/03/23:09:35:27 1420075284 6999 1200 1391 212841
2016/03/23:13:19:46 1420075284 6999 1200 1391 219819
2016/03/23:17:59:56 1420075284 6999 1200 1391 224110
2016/03/23:19:10:40 1420075284 6999 1200 1391 229617
2016/03/23:20:19:28 1420075284 6999 1200 1391 229728
2016/03/23:21:32:07 1420075284 6999 1200 1391 229728
2016/03/23:22:20:48 1420075284 6999 1200 1391 238480
2016/03/23:23:17:39 1420075284 6999 1200 1391 246971
2016/03/24:08:04:52 1420075284 6999 1200 1391 267157
2016/03/24:10:13:10 1420075284 6999 1200 1391 269252
2016/03/24:11:17:47 1420075284 6999 1200 1391 269252
2016/03/24:12:28:15 1420075284 6999 1200 1391 270505
2016/03/24:14:12:49 1420075284 6999 1200 1391 270672
2016/03/24:15:23:05 1420075284 6999 1200 1391 274166
2016/03/24:17:07:47 1420075284 6999 1200 1391 279008
2016/03/24:21:04:00 1420075284 6999 1200 1391 282742
2016/03/24:23:08:02 1420075284 6999 1200 1391 284112
2016/03/25:07:58:57 1420075284 6999 1200 1391 303622
2016/03/25:22:01:35 1420075284 6999 1292 1391 315951
2016/03/26:10:17:29 1420075284 6999 1292 1391 331728
2016/03/26:13:34:58 1420075284 6999 1292 1391 332264
2016/03/26:18:11:50 1420075284 6999 1292 1391 335137
2016/03/26:20:42:11 1420075284 6999 1292 1391 337979
2016/03/28:18:45:40 1420075284 6999 1292 1391 363234
2016/03/28:20:35:37 1420075284 6999 1292 1391 365197
2016/03/28:21:39:27 1420075284 6999 1292 1391 367043
2016/03/29:06:50:17 1420075284 6999 1292 1391 376409
2016/03/29:15:23:12 1420075284 6999 1292 1391 378714
2016/03/29:16:39:04 1420075284 6999 1292 1391 377674
2016/03/29:19:33:49 1420075284 6999 1292 1391 379141
2016/03/29:21:56:07 1420075284 6999 1292 1391 381383
2016/03/30:09:25:30 1420075284 6999 1292 1391 394572
2016/03/30:13:39:03 1420075284 6999 1292 1391 393511
2016/03/30:16:03:57 1420075284 6999 1292 1391 393296
2016/03/30:21:13:30 1420075284 6999 1292 1391 401954
2016/03/31:07:11:34 1420075284 6999 1292 1391 407452
2016/03/31:08:57:09 1420075284 6999 1292 1391 411733
2016/03/31:09:45:09 1420075284 6999 1292 1391 411733
2016/03/31:12:45:36 1420075284 6999 1292 1391 409970
2016/03/31:13:51:48 1420075284 6999 1292 1391 410001
2016/03/31:16:36:18 1420075284 6999 1292 1391 38836
2016/03/31:21:23:01 1420075284 6999 1292 1391 65840
2016/04/01:07:32:37 1420075284 6999 1292 1391 113099
2016/04/01:09:32:53 1420075284 6999 1292 1391 117246
2016/04/01:16:35:53 1420075284 6999 1295 1391 135981
2016/04/01:17:42:50 1420075284 6999 1295 1391 135981
2016/04/01:18:41:39 1420075284 6999 1295 1391 144891
2016/04/01:19:39:49 1420075284 6999 1295 1391 144891
2016/04/01:21:31:56 1420075284 6999 1295 1391 153444
2016/04/01:22:42:29 1420075284 6999 1295 1391 153444
2016/04/02:08:18:46 1420075284 6999 1295 1391 186951
2016/04/02:09:30:38 1420075284 6999 1295 1391 187135
2016/04/02:20:10:40 1420075284 6999 1295 1391 205605
2016/04/02:22:38:51 1420075284 6999 1295 1391 214155
2016/04/03:10:01:30 1420075284 6999 1295 1391 53966
2016/04/04:19:56:48 1420075284 6999 1295 1391 160454
2016/04/05:07:08:02 1420075284 6999 1295 1391 44714
2016/04/05:15:18:00 1420075284 6999 1296 1391 63389
2016/04/05:21:49:07 1420075284 6999 1296 1391 85781
2016/04/06:07:05:48 1420075284 6999 1296 1391 131126
2016/04/06:23:02:23 1420075284 6999 1296 1391 174372
2016/04/07:07:25:23 1420075284 6999 1296 1391 198350
2016/04/07:17:31:58 1420075284 6999 1296 1391 207838
2016/04/07:18:48:05 1420075284 6999 1296 1391 213971
2016/04/08:10:32:49 1420075284 6999 1296 1391 245616
2016/04/09:08:03:55 1420075284 6999 1296 1391 37836
2016/04/10:07:09:50 1420075284 6999 1296 1391 119917
2016/04/10:08:42:09 1420075284 6999 1296 1391 122797
2016/04/10:10:18:50 1420075284 6999 1296 1391 122798
2016/04/10:10:53:46 1420075284 6999 1296 1391 124348
2016/04/10:11:30:36 1420075284 6999 1296 1391 124348
2016/04/10:16:19:58 1420075284 6999 1296 1391 132001
2016/04/10:21:49:16 1420075284 6999 1296 1391 146266
2016/04/11:01:06:39 1420075284 6999 1296 1391 161996
2016/04/11:06:54:21 1420075284 6999 1296 1391 183924
2016/04/11:13:07:20 1420075284 6999 1296 1391 192311
2016/04/12:07:16:34 1420075284 6999 1388 1391 242674
2016/04/12:08:18:05 1420075284 6999 1388 1391 243016
2016/04/12:21:45:24 1420075284 6999 1388 1391 265424
2016/04/13:08:23:40 1420075284 6999 1388 1391 286281
2016/04/13:15:17:32 1420075284 6999 1388 1391 291296
2016/04/14:06:56:05 1420075284 6999 1388 1391 92825
2016/04/14:08:45:28 1420075284 6999 1388 1391 95547
2016/04/14:09:37:52 1420075284 6999 1388 1391 95547
2016/04/17:19:18:27 1420075284 6999 1355 1391 88524
2016/04/17:22:01:38 1420075284 6999 1355 1391 97290
2016/04/18:08:12:56 1420075284 6999 1355 1391 137185
2016/04/18:09:35:54 1420075284 6999 1355 1391 137185
