Time: ISBN: Retail-Price: Lowest-New-Price: Lowest-Used-Price: Sales-Rank
2016/03/05:11:55:26 0521429692 5169 4438 2791 1005736
2016/03/05:12:19:47 0521429692 5169 4438 2791 1005736
2016/03/05:12:40:00 0521429692 5169 4438 2791 1005736
2016/03/05:12:55:49 0521429692 5169 4438 2791 1005736
2016/03/05:17:41:40 0521429692 5169 4438 2791 1004463
2016/03/05:19:31:07 0521429692 5169 4438 2791 1004507
2016/03/05:20:20:07 0521429692 5169 4438 2791 1005001
2016/03/05:21:50:42 0521429692 5169 4438 2791 1006120
2016/03/05:23:11:31 0521429692 5169 4438 2791 1005161
2016/03/06:03:51:51 0521429692 5169 4438 2791 1006688
2016/03/06:08:38:32 0521429692 5169 4438 2791 1007366
2016/03/06:09:42:22 0521429692 5169 4438 2791 1007397
2016/03/06:10:34:48 0521429692 5169 4438 2791 1007775
2016/03/06:11:30:03 0521429692 5169 4438 2791 1006890
2016/03/06:14:30:54 0521429692 5169 4438 2791 1006300
2016/03/06:14:45:54 0521429692 5169 4438 2791 1006300
2016/03/06:15:53:31 0521429692 5169 4438 2791 1006478
2016/03/06:16:36:39 0521429692 5169 4438 2791 1005901
2016/03/06:17:51:04 0521429692 5169 4438 2791 1006350
2016/03/06:20:48:21 0521429692 5169 4438 2791 1005464
2016/03/06:22:33:30 0521429692 5169 4438 2791 1006680
2016/03/06:22:57:21 0521429692 5169 4438 2791 1006712
2016/03/06:23:09:03 0521429692 5169 4438 2791 1006712
2016/03/07:07:38:19 0521429692 5169 4438 2791 1009802
2016/03/07:09:28:57 0521429692 5169 4438 2791 1009802
2016/03/07:10:53:07 0521429692 5169 4438 2791 1008583
2016/03/07:11:31:33 0521429692 5169 4438 2791 1009213
2016/03/07:12:35:46 0521429692 5169 4438 2791 1009290
2016/03/07:14:01:38 0521429692 5169 4438 2791 1008868
2016/03/07:15:30:51 0521429692 5169 4438 2791 1009183
2016/03/07:16:20:27 0521429692 5169 4438 2791 1009183
2016/03/07:16:57:55 0521429692 5169 4438 2791 1009455
2016/03/07:19:10:26 0521429692 5169 4438 2791 1008616
2016/03/07:22:42:16 0521429692 5169 4438 2791 1011768
2016/03/07:23:49:22 0521429692 5169 4438 2791 1012034
2016/03/08:07:43:37 0521429692 5169 4438 2791 1015273
2016/03/08:09:06:17 0521429692 5169 4438 2791 1014710
2016/03/08:11:56:39 0521429692 5169 4438 2791 1013947
2016/03/08:13:13:48 0521429692 5169 4438 2791 1013945
2016/03/08:14:41:17 0521429692 5169 4438 2791 1013371
2016/03/08:17:16:33 0521429692 5169 4438 2791 1013999
2016/03/08:19:43:42 0521429692 5169 4438 2791 1013795
2016/03/09:07:48:00 0521429692 5169 4438 2791 1020467
2016/03/09:09:58:22 0521429692 5169 4438 2791 1019788
2016/03/09:10:54:02 0521429692 5169 4438 2791 1019972
2016/03/09:15:03:46 0521429692 5169 4438 2791 1019130
2016/03/09:15:54:47 0521429692 5169 4438 2791 1019159
2016/03/09:18:42:57 0521429692 5169 4438 2791 1018859
2016/03/09:20:00:32 0521429692 5169 4438 2791 1018946
2016/03/09:20:28:17 0521429692 5169 4438 2791 1020962
2016/03/09:21:17:33 0521429692 5169 4438 2791 1021031
2016/03/09:22:34:00 0521429692 5169 4438 2791 1021031
2016/03/09:22:45:53 0521429692 5169 4438 2791 1020344
2016/03/09:23:25:58 0521429692 5169 4438 2791 1020344
2016/03/09:23:47:10 0521429692 5169 4438 2791 1020332
2016/03/10:05:04:52 0521429692 5169 4438 2791 1025058
2016/03/10:07:51:53 0521429692 5169 4438 2791 1024357
2016/03/10:09:39:06 0521429692 5169 4438 2791 1024927
2016/03/10:11:08:42 0521429692 5169 4438 2791 1024331
2016/03/10:11:59:05 0521429692 5169 4460 2791 1024331
2016/03/10:12:26:50 0521429692 5169 4460 2791 1024330
2016/03/10:13:52:06 0521429692 5169 4460 2791 1023346
2016/03/10:14:05:16 0521429692 5169 4460 2791 1023346
2016/03/10:15:31:12 0521429692 5169 4460 2791 1022461
2016/03/10:16:40:24 0521429692 5169 4460 2791 1022360
2016/03/10:19:17:47 0521429692 5169 4460 2791 1023157
2016/03/10:20:21:13 0521429692 5169 4460 2791 1023428
2016/03/10:22:56:16 0521429692 5169 4460 2791 1024892
2016/03/11:07:49:05 0521429692 5169 4460 2791 1026401
2016/03/11:09:50:35 0521429692 5169 4460 2791 1027705
2016/03/11:13:42:15 0521429692 5169 4460 2791 1025607
2016/03/11:15:53:05 0521429692 5169 4460 2791 1025403
2016/03/11:16:49:06 0521429692 5169 4460 2791 1025448
2016/03/11:17:29:50 0521429692 5169 4460 2791 1025755
2016/03/11:19:36:22 0521429692 5169 4460 2791 1025791
2016/03/11:22:48:35 0521429692 5169 4460 2791 1026297
2016/03/12:12:12:31 0521429692 5169 4460 2791 1027568
2016/03/12:13:48:05 0521429692 5169 4460 2791 1027567
2016/03/12:18:55:12 0521429692 5169 4460 2791 1026109
2016/03/13:09:29:35 0521429692 5169 4460 2791 1027745
2016/03/13:11:14:20 0521429692 5169 4460 2791 1027396
2016/03/13:16:22:04 0521429692 5169 4460 2791 1025182
2016/03/13:18:15:55 0521429692 5169 4460 2791 1024422
2016/03/13:19:46:21 0521429692 5169 4460 2791 1024465
2016/03/13:22:44:45 0521429692 5169 4460 2791 1025096
2016/03/14:07:48:46 0521429692 5169 4460 2791 1024597
2016/03/14:08:59:53 0521429692 5169 4460 2791 1026750
2016/03/14:09:37:59 0521429692 5169 4460 2791 1026750
2016/03/14:10:14:30 0521429692 5169 4460 2791 1026750
2016/03/15:14:48:13 0521429692 5169 4460 2791 1027541
2016/03/15:17:31:19 0521429692 5169 4460 2791 1027855
2016/03/15:18:49:15 0521429692 5169 4460 2791 1027969
2016/03/15:20:13:20 0521429692 5169 4460 2791 1026652
2016/03/15:20:47:51 0521429692 5169 4460 2791 1026874
2016/03/15:22:43:06 0521429692 5169 4460 2791 1029817
2016/03/16:00:34:06 0521429692 5169 4460 2791 1029816
2016/03/16:08:11:49 0521429692 5169 4460 2791 1031664
2016/03/16:21:38:27 0521429692 5169 4460 2791 1030260
2016/03/16:23:29:22 0521429692 5169 4460 2791 1030459
2016/03/17:07:31:23 0521429692 5169 4460 2791 1033783
2016/03/17:08:58:00 0521429692 5169 4460 2791 1031714
2016/03/17:13:47:27 0521429692 5169 4432 2791 1032072
2016/03/17:14:37:44 0521429692 5169 4432 2791 1030996
2016/03/17:16:03:23 0521429692 5169 4432 2791 1031229
2016/03/17:17:21:54 0521429692 5169 4432 2791 1030781
2016/03/17:18:24:08 0521429692 5169 4432 2791 1031100
2016/03/17:22:27:57 0521429692 5169 4432 2791 1031298
2016/03/18:07:42:45 0521429692 5169 4432 2791 1034075
2016/03/18:08:54:49 0521429692 5169 4432 2791 1033113
2016/03/18:13:46:28 0521429692 5169 4432 2791 1032132
2016/03/19:00:39:08 0521429692 5169 4432 2791 1032448
2016/03/19:10:43:01 0521429692 5169 4432 2791 1032278
2016/03/19:13:09:47 0521429692 5169 4432 2791 1031424
2016/03/19:21:03:11 0521429692 5169 4432 2790 1030604
2016/03/19:23:40:57 0521429692 5169 4432 2790 1029291
2016/03/20:08:13:05 0521429692 5169 4432 2790 1029783
2016/03/20:09:53:48 0521429692 5169 4432 2790 1029051
2016/03/20:12:14:46 0521429692 5169 4432 2790 1029587
2016/03/20:13:44:06 0521429692 5169 4432 2790 1027530
2016/03/20:14:41:32 0521429692 5169 4432 2790 1027624
2016/03/20:18:04:37 0521429692 5169 4432 2790 1026338
2016/03/20:20:03:45 0521429692 5169 4432 2790 1026354
2016/03/20:21:52:12 0521429692 5169 4432 2790 1026466
2016/03/21:08:13:51 0521429692 5169 4432 2790 1028193
2016/03/21:09:23:45 0521429692 5169 4432 2790 1028193
2016/03/21:10:14:35 0521429692 5169 4432 2790 1026797
2016/03/21:17:59:43 0521429692 5169 4432 2790 1025584
2016/03/21:19:19:46 0521429692 5169 4432 2790 1025999
2016/03/21:23:06:39 0521429692 5169 4432 2790 1026431
2016/03/22:10:12:45 0521429692 5169 4432 2785 1028085
2016/03/22:11:03:33 0521429692 5169 4432 2783 1028533
2016/03/23:07:59:54 0521429692 5169 4432 2312 1028845
2016/03/23:09:27:00 0521429692 5169 4432 2312 1029362
2016/03/23:13:11:16 0521429692 5169 4432 2312 1028340
2016/03/23:17:51:31 0521429692 5169 4432 2312 1026876
2016/03/23:19:02:17 0521429692 5169 4432 2312 1027307
2016/03/23:20:11:03 0521429692 5169 4432 2312 1027418
2016/03/23:21:23:42 0521429692 5169 4432 2312 1027418
2016/03/23:22:12:23 0521429692 5169 4432 2312 1028644
2016/03/23:23:09:11 0521429692 5169 4432 2312 1028644
2016/03/24:07:56:28 0521429692 5169 4432 2313 1029993
2016/03/24:10:04:45 0521429692 5169 4432 2313 1029993
2016/03/24:11:09:21 0521429692 5169 4432 2313 1028972
2016/03/24:12:19:52 0521429692 5169 4432 2312 1029248
2016/03/24:14:04:18 0521429692 5169 4432 2312 1028126
2016/03/24:15:14:30 0521429692 5169 4432 2312 1027857
2016/03/24:16:59:16 0521429692 5169 4432 2312 1027959
2016/03/24:20:55:38 0521429692 5169 4432 2312 1028533
2016/03/24:22:59:32 0521429692 5169 4432 2312 1027994
2016/03/25:07:50:33 0521429692 5169 4432 2312 1029777
2016/03/25:21:53:08 0521429692 5169 4432 2313 1028464
2016/03/26:10:08:56 0521429692 5169 4432 2313 1027246
2016/03/26:13:26:29 0521429692 5169 4432 2313 1025156
2016/03/26:18:03:18 0521429692 5169 4432 2313 1023657
2016/03/26:20:33:44 0521429692 5169 4432 2313 1023798
2016/03/28:18:37:08 0521429692 5169 4432 2313 1015918
2016/03/28:20:27:07 0521429692 5169 4432 2313 1016223
2016/03/28:21:30:53 0521429692 5169 4432 2313 1016541
2016/03/29:06:41:52 0521429692 5169 4432 2789 1017595
2016/03/29:10:57:46 0521429692 5169 4432 2791 1016800
2016/03/29:15:14:43 0521429692 5169 4432 2791 1015699
2016/03/29:16:29:48 0521429692 5169 4432 2791 1014329
2016/03/29:19:25:25 0521429692 5169 4432 2791 1014574
2016/03/29:21:47:42 0521429692 5169 4432 2791 1015137
2016/03/30:09:17:02 0521429692 5169 4432 2791 1019837
2016/03/30:13:30:45 0521429692 5169 4432 2791 1017855
2016/03/30:15:55:43 0521429692 5169 4438 2791 1016798
2016/03/30:16:39:10 0521429692 5169 4438 2791 1016798
2016/03/30:18:56:47 0521429692 5169 4438 2791 1017016
2016/03/30:21:05:18 0521429692 5169 4438 2791 1018377
2016/03/31:07:03:23 0521429692 5169 4438 2791 1019925
2016/03/31:08:48:52 0521429692 5169 4438 2791 1021387
2016/03/31:09:36:53 0521429692 5169 4438 2791 1021387
2016/03/31:12:37:13 0521429692 5169 4438 2791 1019828
2016/03/31:13:43:26 0521429692 5169 4438 2791 1019042
2016/03/31:16:27:58 0521429692 5169 4438 2791 1019108
2016/03/31:21:14:35 0521429692 5169 4438 2791 1020709
2016/04/01:07:24:14 0521429692 5169 4438 2791 1023532
2016/04/01:08:35:06 0521429692 5169 4438 2791 1022823
2016/04/01:09:24:31 0521429692 5169 4438 2791 1022823
2016/04/01:16:27:35 0521429692 5169 4438 2791 1020235
2016/04/01:17:34:30 0521429692 5169 4438 2791 1020232
2016/04/01:18:33:21 0521429692 5169 4438 2791 1020826
2016/04/01:19:31:28 0521429692 5169 4438 2791 1020825
2016/04/01:21:23:32 0521429692 5169 4438 2791 1021469
2016/04/01:22:34:07 0521429692 5169 4438 2791 1021469
2016/04/02:08:10:26 0521429692 5169 4438 2791 1023118
2016/04/02:09:22:19 0521429692 5169 4438 2791 1023302
2016/04/02:20:02:13 0521429692 5169 4438 2791 1020438
2016/04/02:22:30:27 0521429692 5169 4438 2791 1020829
2016/04/03:08:58:57 0521429692 5169 4438 2791 1021248
2016/04/03:09:53:11 0521429692 5169 4438 2791 1021248
2016/04/04:19:48:23 0521429692 5169 4438 2791 1018807
2016/04/05:06:59:39 0521429692 5169 4438 2791 1022745
2016/04/05:15:09:36 0521429692 5169 4438 2790 1019825
2016/04/05:16:02:16 0521429692 5169 4438 2790 1019825
2016/04/05:21:40:38 0521429692 5169 4438 2790 1020929
2016/04/06:06:57:25 0521429692 5169 4438 2790 1025346
2016/04/06:10:43:52 0521429692 5169 4438 2790 1022699
2016/04/06:22:53:58 0521429692 5169 4438 2790 1024730
2016/04/07:07:16:53 0521429692 5169 4438 2790 1027086
2016/04/07:17:23:35 0521429692 5169 4438 2790 1025349
2016/04/07:18:39:50 0521429692 5169 4438 2790 1025890
2016/04/08:10:24:27 0521429692 5169 4438 2790 1028210
2016/04/09:07:55:24 0521429692 5169 4438 2790 1028919
2016/04/10:07:01:21 0521429692 5169 4438 2790 1027867
2016/04/10:08:33:37 0521429692 5169 4438 2790 1027158
2016/04/10:10:10:16 0521429692 5169 4438 2790 1027157
2016/04/10:10:44:36 0521429692 5169 4438 2790 1025831
2016/04/10:11:22:05 0521429692 5169 4438 2790 1025831
2016/04/10:16:11:27 0521429692 5169 4438 2790 1024144
2016/04/10:21:40:37 0521429692 5169 4438 2790 1024098
2016/04/11:00:58:08 0521429692 5169 4438 2790 1024729
2016/04/11:06:45:47 0521429692 5169 4438 2790 1027024
2016/04/11:12:58:55 0521429692 5169 4438 2790 1024595
2016/04/12:07:08:00 0521429692 5169 4438 2790 1029114
2016/04/12:08:09:38 0521429692 5169 4438 2790 1029458
2016/04/12:21:36:55 0521429692 5169 4438 2790 1029744
2016/04/13:08:15:19 0521429692 5169 4438 2790 1031610
2016/04/13:11:29:32 0521429692 5169 4438 2790 1030947
2016/04/13:15:09:07 0521429692 5169 4438 2790 1029760
2016/04/13:16:01:05 0521429692 5169 4438 2790 1029777
2016/04/14:06:47:48 0521429692 5169 4438 2790 1034179
2016/04/14:08:37:07 0521429692 5169 4438 2790 1033435
2016/04/14:09:29:32 0521429692 5169 4438 2790 1033435
2016/04/15:11:59:03 0521429692 5169 4427 2790 1034525
2016/04/17:19:10:06 0521429692 5169 4427 2790 1035116
2016/04/17:21:53:21 0521429692 5169 4427 2790 1035435
2016/04/18:08:04:41 0521429692 5169 4427 2790 1037034
2016/04/18:09:27:37 0521429692 5169 4427 2790 1037034
