Time: ISBN: Retail-Price: Lowest-New-Price: Lowest-Used-Price: Sales-Rank
2016/03/05:12:21:27 1479274836 2832 2037 2287 63173
2016/03/05:12:41:40 1479274836 2832 2037 2286 63173
2016/03/05:12:57:28 1479274836 2832 2037 2286 63173
2016/03/05:17:43:19 1479274836 2832 2037 2284 63453
2016/03/05:19:32:46 1479274836 2832 2037 2283 63498
2016/03/05:20:21:46 1479274836 2832 2037 2283 70719
2016/03/05:21:52:21 1479274836 2832 2037 2281 82071
2016/03/05:23:13:10 1479274836 2832 2037 2281 81738
2016/03/06:03:53:30 1479274836 2832 2035 2281 98019
2016/03/06:08:40:11 1479274836 2832 2035 2279 26787
2016/03/06:09:44:01 1479274836 2832 2035 2279 30201
2016/03/06:10:36:28 1479274836 2832 2035 2279 30202
2016/03/06:11:31:42 1479274836 2832 2035 2279 31649
2016/03/06:14:32:33 1479274836 2832 2033 2278 34797
2016/03/06:14:47:33 1479274836 2832 2033 2278 34797
2016/03/06:15:55:10 1479274836 2832 2032 2277 34800
2016/03/06:16:38:18 1479274836 2832 2032 2277 38080
2016/03/06:17:52:43 1479274836 2832 2031 2277 46923
2016/03/06:20:50:00 1479274836 2832 2030 2276 47510
2016/03/06:22:35:09 1479274836 2832 2028 2276 61838
2016/03/06:22:59:00 1479274836 2832 2027 2275 61869
2016/03/06:23:10:42 1479274836 2832 2026 2275 61869
2016/03/07:07:39:58 1479274836 2832 2015 2271 99485
2016/03/07:09:30:38 1479274836 2832 2015 2269 99485
2016/03/07:10:54:46 1479274836 2832 2015 2269 96545
2016/03/07:11:33:13 1479274836 2832 2015 2269 97171
2016/03/07:12:37:25 1479274836 2832 2015 2268 99702
2016/03/07:14:03:17 1479274836 2832 2014 2268 18899
2016/03/07:15:32:30 1479274836 2832 2014 2268 18899
2016/03/07:16:22:06 1479274836 2832 2014 2268 23962
2016/03/07:16:59:34 1479274836 2832 2014 2268 23964
2016/03/07:19:12:05 1479274836 2832 2014 2268 24788
2016/03/07:22:43:55 1479274836 2832 2013 2267 21539
2016/03/07:23:51:01 1479274836 2832 2013 2267 21539
2016/03/08:07:45:16 1479274836 2832 2013 2264 21473
2016/03/08:09:07:55 1479274836 2832 2013 2264 21833
2016/03/08:11:58:18 1479274836 2832 2013 2263 24564
2016/03/08:13:15:27 1479274836 2832 2013 2263 24564
2016/03/08:14:42:56 1479274836 2832 2013 2262 26598
2016/03/08:17:18:12 1479274836 2832 2013 2261 33445
2016/03/08:19:45:24 1479274836 2832 2012 2261 35759
2016/03/09:07:49:39 1479274836 2832 2007 2255 80046
2016/03/09:10:00:02 1479274836 2832 2007 2255 75739
2016/03/09:10:55:41 1479274836 2832 2007 2255 77225
2016/03/09:15:05:25 1479274836 2832 2009 2253 72585
2016/03/09:15:56:26 1479274836 2832 2009 2253 72614
2016/03/09:18:44:36 1479274836 2832 2008 2253 73961
2016/03/09:21:19:15 1479274836 2832 2008 2253 87520
2016/03/09:22:35:39 1479274836 2832 2008 2253 87520
2016/03/09:22:47:35 1479274836 2832 2008 2253 87520
2016/03/09:23:27:37 1479274836 2832 2008 2253 86381
2016/03/09:23:48:49 1479274836 2832 2008 2253 86382
2016/03/10:05:06:31 1479274836 2832 2008 2251 121230
2016/03/10:07:53:33 1479274836 2832 2008 2249 119943
2016/03/10:09:40:52 1479274836 2832 2008 2249 125493
2016/03/10:11:10:22 1479274836 2832 2007 2249 123186
2016/03/10:12:00:44 1479274836 2832 2007 2249 123186
2016/03/10:12:28:29 1479274836 2832 2007 2249 123185
2016/03/10:14:06:55 1479274836 2832 2007 2248 119366
2016/03/10:15:32:51 1479274836 2832 2007 2248 117112
2016/03/10:16:42:03 1479274836 2832 2007 2247 118286
2016/03/10:19:19:26 1479274836 2832 2005 2247 122095
2016/03/10:20:22:52 1479274836 2832 2005 2247 122360
2016/03/10:22:57:55 1479274836 2832 2005 2246 130064
2016/03/11:07:50:44 1479274836 2832 2004 2244 138234
2016/03/11:09:52:15 1479274836 2832 2004 2242 144624
2016/03/11:13:43:55 1479274836 2832 2004 2241 144033
2016/03/11:16:08:46 1479274836 2832 2004 2240 146708
2016/03/11:16:50:45 1479274836 2832 2004 2240 146753
2016/03/11:17:31:31 1479274836 2832 2004 2240 152038
2016/03/11:19:38:01 1479274836 2832 2004 2239 152075
2016/03/11:22:50:14 1479274836 2832 2003 2239 165019
2016/03/12:12:14:10 1479274836 2832 2002 2233 163631
2016/03/12:13:49:44 1479274836 2832 2002 2232 160371
2016/03/12:18:56:51 1479274836 2832 2001 2230 161062
2016/03/13:09:31:14 1479274836 2832 1995 2220 181433
2016/03/13:11:15:59 1479274836 2832 1993 2218 179714
2016/03/13:16:23:43 1479274836 2832 1992 2214 173269
2016/03/13:18:17:39 1479274836 2832 1992 2212 172262
2016/03/13:19:48:00 1479274836 2832 1992 2212 172304
2016/03/13:22:46:26 1479274836 2832 1992 2209 176713
2016/03/14:07:50:25 1479274836 2832 1992 2206 181148
2016/03/14:09:01:34 1479274836 2832 1992 2205 191840
2016/03/14:10:16:09 1479274836 2832 1992 2204 191840
2016/03/15:14:52:22 1479274836 2832 1990 2199 57553
2016/03/15:17:35:28 1479274836 2832 1989 2199 72840
2016/03/15:18:53:24 1479274836 2832 1989 2199 72955
2016/03/15:20:17:30 1479274836 2832 1989 2199 73383
2016/03/15:20:51:56 1479274836 2832 1988 2199 73606
2016/03/15:22:47:16 1479274836 2832 1987 2199 88400
2016/03/16:00:38:14 1479274836 2832 1987 2198 102206
2016/03/16:08:15:56 1479274836 2832 1981 2192 33576
2016/03/16:21:42:33 1479274836 2832 1975 2187 73246
2016/03/16:23:33:33 1479274836 2832 1973 2187 91864
2016/03/17:07:35:30 1479274836 2832 1972 2184 106142
2016/03/17:09:02:07 1479274836 2832 1972 2182 106142
2016/03/17:13:51:37 1479274836 2832 1973 2179 110977
2016/03/17:14:41:52 1479274836 2832 1973 2179 108815
2016/03/17:16:07:33 1479274836 2832 1972 2179 109048
2016/03/17:17:26:01 1479274836 2832 1972 2179 110211
2016/03/17:18:28:17 1479274836 2832 1972 2179 114519
2016/03/17:22:32:07 1479274836 2832 1972 2177 26629
2016/03/18:07:46:51 1479274836 2832 1971 2175 66635
2016/03/18:08:58:55 1479274836 2832 1971 2174 65925
2016/03/18:13:50:38 1479274836 2832 1971 2172 68249
2016/03/19:00:43:14 1479274836 2547 1971 2170 97820
2016/03/19:10:47:08 1479274836 2547 1969 2165 122593
2016/03/19:13:13:52 1479274836 2547 1969 2163 121908
2016/03/19:21:07:17 1479274836 2547 1969 2160 131318
2016/03/19:23:45:03 1479274836 2547 1969 2160 135878
2016/03/20:08:17:16 1479274836 2547 1969 2160 144169
2016/03/20:09:57:53 1479274836 2547 1969 2160 143371
2016/03/20:12:18:52 1479274836 2547 1969 2159 143907
2016/03/20:13:48:15 1479274836 2547 1969 2158 139875
2016/03/20:14:45:38 1479274836 2547 1969 2158 139969
2016/03/20:18:08:41 1479274836 2547 1969 2156 142193
2016/03/20:20:07:49 1479274836 2547 1969 2155 25458
2016/03/20:21:56:20 1479274836 2547 1969 2154 25460
2016/03/21:08:17:55 1479274836 2547 1969 2152 25449
2016/03/21:09:27:49 1479274836 2547 1969 2152 25449
2016/03/21:10:18:42 1479274836 2547 1969 2152 26248
2016/03/21:18:03:49 1479274836 2547 1969 2151 47516
2016/03/21:19:23:51 1479274836 2547 1969 2150 47516
2016/03/21:23:10:47 1479274836 2760 1969 2149 64242
2016/03/22:10:16:55 1479274836 2760 2147 2382 100558
2016/03/22:11:07:43 1479274836 2760 2147 2382 100997
2016/03/23:08:05:15 1479274836 2832 2148 3351 47967
2016/03/23:09:32:20 1479274836 2832 2148 3351 56417
2016/03/23:13:16:39 1479274836 2832 2148 3351 55483
2016/03/23:17:56:51 1479274836 2832 2148 3351 58048
2016/03/23:19:07:35 1479274836 2832 2148 3351 65629
2016/03/23:20:16:22 1479274836 2832 2148 3351 65740
2016/03/23:21:29:01 1479274836 2832 2148 3351 65740
2016/03/23:22:17:42 1479274836 2832 2148 3351 78704
2016/03/23:23:14:32 1479274836 2832 2148 3351 91163
2016/03/24:08:01:46 1479274836 2832 2148 3350 116869
2016/03/24:10:10:05 1479274836 2832 2148 2366 116870
2016/03/24:11:14:41 1479274836 2832 2148 2366 117720
2016/03/24:12:25:10 1479274836 2832 2148 2366 117998
2016/03/24:14:09:42 1479274836 2832 2148 2366 116404
2016/03/24:15:19:56 1479274836 2832 2255 2366 118701
2016/03/24:17:04:40 1479274836 2832 1968 2366 118803
2016/03/24:21:00:57 1479274836 2832 1968 2366 125677
2016/03/24:23:04:55 1479274836 2832 1968 2366 124772
2016/03/25:07:55:54 1479274836 2832 1968 2366 144336
2016/03/25:21:58:28 1479274836 2832 1968 2365 159088
2016/03/26:10:14:21 1479274836 2832 1968 2365 64438
2016/03/26:13:31:48 1479274836 2832 1968 2365 65005
2016/03/26:18:08:39 1479274836 2832 1968 2365 70716
2016/03/26:20:39:01 1479274836 2832 2097 2365 77255
2016/03/28:18:42:25 1479274836 1958 1958 2365 89836
2016/03/28:20:32:24 1479274836 1958 1958 2365 95637
2016/03/28:21:36:14 1479274836 2808 2096 2365 101104
2016/03/29:06:47:05 1479274836 2808 2096 2365 51235
2016/03/29:15:19:58 1479274836 2808 2096 2365 55860
2016/03/29:16:35:39 1479274836 2488 2096 2365 56146
2016/03/29:19:30:38 1479274836 2488 2096 2365 63253
2016/03/29:21:52:55 1479274836 2488 2096 2365 72746
2016/03/30:09:22:18 1479274836 2488 2096 2266 122517
2016/03/30:13:35:57 1479274836 2488 2096 2076 123353
2016/03/30:16:00:50 1479274836 2488 2096 2076 122191
2016/03/30:21:10:26 1479274836 2488 2096 2076 49076
2016/03/31:07:08:30 1479274836 2488 2095 2053 74349
2016/03/31:08:54:03 1479274836 2488 2095 2053 87158
2016/03/31:09:42:03 1479274836 2488 2095 2053 87158
2016/03/31:12:42:29 1479274836 2488 2095 2053 85567
2016/03/31:13:48:40 1479274836 2488 2095 2053 86793
2016/03/31:16:33:10 1479274836 2488 2095 2053 92000
2016/03/31:21:19:54 1479274836 2488 2095 2053 103612
2016/04/01:07:29:30 1479274836 2476 2095 2053 129507
2016/04/01:09:29:45 1479274836 2476 2095 2053 131001
2016/04/01:16:32:49 1479274836 2476 2095 2053 139338
2016/04/01:17:39:44 1479274836 2476 2095 2053 139338
2016/04/01:18:38:34 1479274836 2476 2095 2063 144362
2016/04/01:19:36:43 1479274836 2476 2095 2063 144362
2016/04/01:21:28:50 1479274836 2476 2095 2063 148883
2016/04/01:22:39:23 1479274836 2476 2094 2063 32278
2016/04/02:08:15:43 1479274836 2476 2093 2064 21191
2016/04/02:09:27:34 1479274836 2476 2093 2064 21192
2016/04/02:20:07:34 1479274836 2476 2093 2075 51416
2016/04/02:22:35:48 1479274836 2476 2093 2076 59215
2016/04/03:09:58:28 1479274836 2476 2093 2076 82116
2016/04/04:19:53:43 1479274836 2808 2091 2076 141374
2016/04/05:07:04:59 1479274836 2808 2089 2277 166024
2016/04/05:15:14:57 1479274836 2808 2089 2277 162035
2016/04/05:21:46:02 1479274836 2808 2087 2173 38750
2016/04/06:07:02:45 1479274836 2808 1986 2173 33250
2016/04/06:22:59:19 1479274836 2808 1986 2173 26739
2016/04/07:07:22:19 1479274836 2808 1986 2173 51564
2016/04/07:17:28:56 1479274836 2808 1985 2173 60710
2016/04/07:18:45:03 1479274836 2808 1985 2173 70629
2016/04/08:10:29:44 1479274836 2808 1979 1978 109675
2016/04/09:08:00:51 1479274836 2808 1979 1978 133828
2016/04/10:07:06:46 1479274836 2808 1978 1977 161382
2016/04/10:08:39:04 1479274836 2808 1978 1977 159164
2016/04/10:10:15:43 1479274836 2808 1978 1977 159165
2016/04/10:10:49:57 1479274836 2808 1978 1977 155934
2016/04/10:11:27:30 1479274836 2808 1978 1977 155934
2016/04/10:16:16:52 1479274836 2808 1978 1977 153926
2016/04/10:21:46:08 1479274836 2808 1978 1977 166716
2016/04/11:01:03:34 1479274836 2808 1976 1975 168822
2016/04/11:06:51:14 1479274836 2808 1976 1975 47127
2016/04/11:13:04:17 1479274836 2808 1976 1975 15210
2016/04/12:07:13:29 1479274836 2808 1971 1966 79616
2016/04/12:08:15:01 1479274836 2808 1971 1965 79958
2016/04/12:21:42:20 1479274836 2808 1970 1963 41569
2016/04/13:08:20:40 1479274836 2808 1964 1957 22119
2016/04/13:11:34:54 1479274836 2808 1969 1955 23228
2016/04/13:15:14:31 1479274836 2808 1966 1951 34075
2016/04/14:06:53:05 1479274836 2808 1965 1964 86037
2016/04/14:08:42:28 1479274836 2808 1965 1964 83186
2016/04/14:09:34:52 1479274836 2808 1965 1964 83186
2016/04/15:12:04:20 1479274836 2808 1964 1962 43153
2016/04/17:19:15:24 1479274836 2808 1965 2173 144418
2016/04/17:21:58:38 1479274836 2808 1965 2173 149213
2016/04/18:08:09:55 1479274836 2510 1965 2173 165929
2016/04/18:09:32:53 1479274836 2510 1965 2173 165929
