Time: ISBN: Retail-Price: Lowest-New-Price: Lowest-Used-Price: Sales-Rank
2016/03/05:11:55:54 1573310581 0 198811 1725 0
2016/03/05:12:20:14 1573310581 0 198811 1725 0
2016/03/05:12:40:28 1573310581 0 198811 1725 0
2016/03/05:12:56:17 1573310581 0 198811 1725 0
2016/03/05:17:42:08 1573310581 0 198811 1725 0
2016/03/05:19:31:35 1573310581 0 198811 1725 0
2016/03/05:20:20:35 1573310581 0 198811 1725 0
2016/03/05:21:51:10 1573310581 0 198811 1725 0
2016/03/05:23:11:59 1573310581 0 198811 1725 0
2016/03/06:03:52:19 1573310581 0 198811 1725 0
2016/03/06:08:38:59 1573310581 0 198811 1725 0
2016/03/06:09:42:49 1573310581 0 198811 1725 0
2016/03/06:10:35:15 1573310581 0 198811 1725 0
2016/03/06:11:30:30 1573310581 0 198811 1725 0
2016/03/06:14:31:21 1573310581 0 198811 1725 0
2016/03/06:14:46:22 1573310581 0 198811 1725 0
2016/03/06:15:53:58 1573310581 0 198811 1725 0
2016/03/06:16:37:07 1573310581 0 198811 1725 0
2016/03/06:17:51:31 1573310581 0 198811 1725 0
2016/03/06:20:48:48 1573310581 0 198811 1725 0
2016/03/06:22:33:57 1573310581 0 198811 1725 0
2016/03/06:22:57:48 1573310581 0 198811 1725 0
2016/03/06:23:09:30 1573310581 0 198811 1725 0
2016/03/07:07:38:46 1573310581 0 198811 1725 0
2016/03/07:09:29:25 1573310581 0 198811 1725 0
2016/03/07:10:53:35 1573310581 0 198811 1725 0
2016/03/07:11:32:01 1573310581 0 198811 1725 0
2016/03/07:12:36:13 1573310581 0 198811 1725 0
2016/03/07:14:02:05 1573310581 0 198811 1725 0
2016/03/07:15:31:19 1573310581 0 198811 1725 0
2016/03/07:16:20:55 1573310581 0 198811 1725 0
2016/03/07:16:58:22 1573310581 0 198811 1725 0
2016/03/07:19:10:54 1573310581 0 198811 1725 0
2016/03/07:22:42:44 1573310581 0 198811 1724 0
2016/03/07:23:49:49 1573310581 0 198811 1724 0
2016/03/08:07:44:05 1573310581 0 99911 1724 0
2016/03/08:09:06:43 1573310581 0 99911 1724 0
2016/03/08:11:57:07 1573310581 0 99911 1724 0
2016/03/08:13:14:15 1573310581 0 99911 1724 0
2016/03/08:14:41:45 1573310581 0 99911 1724 0
2016/03/08:17:17:00 1573310581 0 99911 1724 0
2016/03/08:19:44:09 1573310581 0 99911 1724 0
2016/03/09:07:48:28 1573310581 0 99911 1724 0
2016/03/09:09:58:50 1573310581 0 99911 1724 0
2016/03/09:10:54:29 1573310581 0 99911 1724 0
2016/03/09:15:04:14 1573310581 0 99911 1724 0
2016/03/09:15:55:15 1573310581 0 99911 1724 0
2016/03/09:18:43:24 1573310581 0 99911 1724 0
2016/03/09:20:00:59 1573310581 0 99911 1725 0
2016/03/09:20:28:45 1573310581 0 99911 1725 0
2016/03/09:21:18:01 1573310581 0 99911 1725 0
2016/03/09:22:34:28 1573310581 0 99911 1725 0
2016/03/09:22:46:21 1573310581 0 99911 1725 0
2016/03/09:23:26:25 1573310581 0 99911 1725 0
2016/03/09:23:47:38 1573310581 0 99911 1725 0
2016/03/10:05:05:19 1573310581 0 99911 1725 0
2016/03/10:07:52:20 1573310581 0 99911 1725 0
2016/03/10:09:39:37 1573310581 0 99911 1725 0
2016/03/10:11:09:11 1573310581 0 99911 1725 0
2016/03/10:11:59:32 1573310581 0 99911 1725 0
2016/03/10:12:27:18 1573310581 0 99911 1725 0
2016/03/10:13:52:34 1573310581 0 99911 1725 0
2016/03/10:14:05:44 1573310581 0 99911 1725 0
2016/03/10:15:31:39 1573310581 0 99911 1725 0
2016/03/10:16:40:51 1573310581 0 99911 1725 0
2016/03/10:19:18:14 1573310581 0 99911 1725 0
2016/03/10:20:21:41 1573310581 0 99911 1725 0
2016/03/10:22:56:44 1573310581 0 99911 1725 0
2016/03/11:07:49:32 1573310581 0 99911 1725 0
2016/03/11:09:51:03 1573310581 0 99911 1725 0
2016/03/11:13:42:42 1573310581 0 99911 1725 0
2016/03/11:15:53:42 1573310581 0 99911 1725 0
2016/03/11:16:49:34 1573310581 0 99911 1725 0
2016/03/11:17:30:18 1573310581 0 99911 1725 0
2016/03/11:19:36:49 1573310581 0 99911 1725 0
2016/03/11:22:49:03 1573310581 0 99911 1725 0
2016/03/12:12:12:58 1573310581 0 99911 1725 0
2016/03/12:13:48:32 1573310581 0 99911 1725 0
2016/03/12:18:55:40 1573310581 0 99911 1725 0
2016/03/13:09:30:03 1573310581 0 99911 1725 0
2016/03/13:11:14:47 1573310581 0 99911 1725 0
2016/03/13:16:22:31 1573310581 0 99911 1725 0
2016/03/13:18:16:28 1573310581 0 99911 1725 0
2016/03/13:19:46:49 1573310581 0 99911 1725 0
2016/03/13:22:45:13 1573310581 0 99911 1725 0
2016/03/14:07:49:14 1573310581 0 99911 1725 0
2016/03/14:09:00:21 1573310581 0 99911 1725 0
2016/03/14:09:38:26 1573310581 0 99911 1725 0
2016/03/14:10:14:57 1573310581 0 99911 1725 0
2016/03/15:14:49:29 1573310581 0 99911 1725 0
2016/03/15:17:32:34 1573310581 0 99911 1725 0
2016/03/15:18:50:31 1573310581 0 99911 1725 0
2016/03/15:20:14:36 1573310581 0 99911 1725 0
2016/03/15:20:49:05 1573310581 0 99911 1725 0
2016/03/15:22:44:21 1573310581 0 99911 1725 0
2016/03/16:00:35:21 1573310581 0 99911 1725 0
2016/03/16:08:13:03 1573310581 0 99911 1725 0
2016/03/16:21:39:41 1573310581 0 99911 1725 0
2016/03/16:23:30:38 1573310581 0 99911 1725 0
2016/03/17:07:32:38 1573310581 0 99911 1725 0
2016/03/17:08:59:15 1573310581 0 99911 1725 0
2016/03/17:13:48:43 1573310581 0 99911 1725 0
2016/03/17:14:38:59 1573310581 0 99911 1725 0
2016/03/17:16:04:38 1573310581 0 99911 1725 0
2016/03/17:17:23:08 1573310581 0 99911 1725 0
2016/03/17:18:25:23 1573310581 0 99911 1725 0
2016/03/17:22:29:12 1573310581 0 99911 1725 0
2016/03/18:07:43:59 1573310581 0 99911 1725 0
2016/03/18:08:56:03 1573310581 0 99911 1725 0
2016/03/18:13:47:43 1573310581 0 99911 1725 0
2016/03/19:00:40:24 1573310581 0 99911 1725 0
2016/03/19:10:44:17 1573310581 0 99911 1725 0
2016/03/19:13:11:03 1573310581 0 99911 1725 0
2016/03/19:21:04:26 1573310581 0 99911 1725 0
2016/03/19:23:42:12 1573310581 0 99911 1725 0
2016/03/20:08:14:22 1573310581 0 99911 1725 0
2016/03/20:09:55:03 1573310581 0 99911 1725 0
2016/03/20:12:16:02 1573310581 0 99911 1725 0
2016/03/20:13:45:23 1573310581 0 99911 1725 0
2016/03/20:14:42:47 1573310581 0 99911 1725 0
2016/03/20:18:05:51 1573310581 0 99911 1725 0
2016/03/20:20:05:00 1573310581 0 99911 1725 0
2016/03/20:21:53:28 1573310581 0 99911 1725 0
2016/03/21:08:15:06 1573310581 0 99911 1725 0
2016/03/21:09:25:00 1573310581 0 99911 1725 0
2016/03/21:10:15:51 1573310581 0 99911 1725 0
2016/03/21:18:00:58 1573310581 0 99911 1725 0
2016/03/21:19:21:01 1573310581 0 99911 1725 0
2016/03/21:23:07:55 1573310581 0 99911 1725 0
2016/03/22:10:14:03 1573310581 0 99911 1725 0
2016/03/22:11:04:49 1573310581 0 99911 1725 0
2016/03/23:08:01:30 1573310581 0 99911 1725 0
2016/03/23:09:28:35 1573310581 0 99911 1725 0
2016/03/23:13:12:52 1573310581 0 99911 1725 0
2016/03/23:17:53:06 1573310581 0 99911 1725 0
2016/03/23:19:03:52 1573310581 0 99911 1725 0
2016/03/23:20:12:38 1573310581 0 99911 1725 0
2016/03/23:21:25:17 1573310581 0 99911 1725 0
2016/03/23:22:13:58 1573310581 0 99911 1725 0
2016/03/23:23:10:47 1573310581 0 99911 1725 0
2016/03/24:07:58:03 1573310581 0 99911 1725 0
2016/03/24:10:06:20 1573310581 0 99911 1725 0
2016/03/24:11:10:57 1573310581 0 99911 1725 0
2016/03/24:12:21:27 1573310581 0 99911 1725 0
2016/03/24:14:05:54 1573310581 0 99911 1725 0
2016/03/24:15:16:06 1573310581 0 99911 1725 0
2016/03/24:17:00:52 1573310581 0 99911 1725 0
2016/03/24:20:57:13 1573310581 0 99911 1725 0
2016/03/24:23:01:08 1573310581 0 99911 1725 0
2016/03/25:07:52:09 1573310581 0 99911 1725 0
2016/03/25:21:54:44 1573310581 0 99911 1725 0
2016/03/26:10:10:35 1573310581 0 99911 1725 0
2016/03/26:13:28:04 1573310581 0 99911 1725 0
2016/03/26:18:04:53 1573310581 0 99911 1725 0
2016/03/26:20:35:19 1573310581 0 99911 1725 0
2016/03/28:18:38:44 1573310581 0 99911 1725 0
2016/03/28:20:28:43 1573310581 0 99911 1725 0
2016/03/28:21:32:29 1573310581 0 99911 1725 0
2016/03/29:06:43:27 1573310581 0 99911 1725 0
2016/03/29:15:16:18 1573310581 0 99911 1725 0
2016/03/29:16:31:32 1573310581 0 99911 1725 0
2016/03/29:19:27:00 1573310581 0 99911 1725 0
2016/03/29:21:49:18 1573310581 0 99911 1725 0
2016/03/30:09:18:39 1573310581 0 99911 1725 0
2016/03/30:13:32:21 1573310581 0 99911 1725 0
2016/03/30:15:57:19 1573310581 0 99911 1725 0
2016/03/30:16:40:45 1573310581 0 99911 1725 0
2016/03/30:18:58:23 1573310581 0 99911 1725 0
2016/03/30:21:06:53 1573310581 0 99911 1725 0
2016/03/31:07:04:58 1573310581 0 99911 1725 0
2016/03/31:08:50:27 1573310581 0 99911 1725 0
2016/03/31:09:38:29 1573310581 0 99911 1725 0
2016/03/31:12:38:50 1573310581 0 99911 1725 0
2016/03/31:13:45:03 1573310581 0 99911 1725 0
2016/03/31:16:29:34 1573310581 0 99911 1725 0
2016/03/31:21:16:12 1573310581 0 99911 1725 0
2016/04/01:07:25:50 1573310581 0 99911 1725 0
2016/04/01:09:26:06 1573310581 0 99911 1725 0
2016/04/01:16:29:10 1573310581 0 99911 55 0
2016/04/01:17:36:05 1573310581 0 99911 55 0
2016/04/01:18:34:56 1573310581 0 99911 55 0
2016/04/01:19:33:04 1573310581 0 99911 55 0
2016/04/01:21:25:08 1573310581 0 99911 55 0
2016/04/01:22:35:43 1573310581 0 99911 55 0
2016/04/02:08:12:03 1573310581 0 99911 55 0
2016/04/02:09:23:54 1573310581 0 99911 55 0
2016/04/02:20:03:50 1573310581 0 0 55 0
2016/04/02:22:32:03 1573310581 0 0 55 0
2016/04/03:09:00:32 1573310581 0 0 55 0
2016/04/03:09:54:46 1573310581 0 0 55 0
2016/04/04:19:49:59 1573310581 0 99911 55 0
2016/04/05:07:01:15 1573310581 0 99911 55 0
2016/04/05:15:11:11 1573310581 0 99911 55 0
2016/04/05:16:03:52 1573310581 0 99911 55 0
2016/04/05:21:42:14 1573310581 0 99911 55 0
2016/04/06:06:59:01 1573310581 0 99911 55 0
2016/04/06:22:55:33 1573310581 0 99911 55 0
2016/04/07:07:18:30 1573310581 0 99911 55 0
2016/04/07:17:25:12 1573310581 0 99911 55 0
2016/04/07:18:41:26 1573310581 0 99911 55 0
2016/04/08:10:26:06 1573310581 0 99911 55 0
2016/04/09:07:57:00 1573310581 0 99911 55 0
2016/04/10:07:02:56 1573310581 0 99911 55 0
2016/04/10:08:35:13 1573310581 0 99911 55 0
2016/04/10:10:11:54 1573310581 0 99911 55 0
2016/04/10:10:46:10 1573310581 0 99911 55 0
2016/04/10:11:23:41 1573310581 0 99911 55 0
2016/04/10:16:13:03 1573310581 0 99911 55 0
2016/04/10:21:42:16 1573310581 0 99911 55 0
2016/04/11:00:59:44 1573310581 0 99911 55 0
2016/04/11:06:47:24 1573310581 0 99911 55 0
2016/04/11:13:00:30 1573310581 0 99911 55 0
2016/04/12:07:09:37 1573310581 0 99911 55 0
2016/04/12:08:11:13 1573310581 0 99911 55 0
2016/04/12:21:38:31 1573310581 0 99911 55 0
2016/04/13:08:16:55 1573310581 0 99911 55 0
2016/04/13:11:31:07 1573310581 0 99911 55 0
2016/04/13:15:10:44 1573310581 0 99911 55 0
2016/04/14:06:49:22 1573310581 0 99911 55 0
2016/04/14:08:38:43 1573310581 0 99911 55 0
2016/04/14:09:31:07 1573310581 0 99911 55 0
2016/04/15:12:00:38 1573310581 0 99911 55 0
2016/04/17:19:11:46 1573310581 0 99911 55 0
2016/04/17:21:54:59 1573310581 0 99911 55 0
2016/04/18:08:06:19 1573310581 0 99911 55 0
2016/04/18:09:29:17 1573310581 0 99911 55 0
