0071133380
0521861020
0521461243
0521621968
0521882451
0521514967
0521560888
1107031826
0521865573
0521110610
0521594138
0521709792
0340610476
0521603692
1873150245
0521888611
0582218896
0521603951
0230231020
0198782276
0415089379
0199247447
0582473403
0801485568
0198765738
0198781679
080186156X
0415165695
033366552X
0333963903
0077094689
1403921466
1447248406
0333678486
0863772803
0415075246
1847248527
0333474767
184742287X
0415129303
0534934234
4347139756
0826464653
0199151199
0632037032
0826497667
0415102588
0632020199
0750637609
1403921857
0262514141
1909026034
0195374630
0748620338
1860631150
0273717227
1408041804
0071164685
0761956867
019856774X
9650060251
019926127X
033369841X
1292021179
0071220844
0230293816
0273757334
0077121643
0415149932
041514101X
0340731729
0521792797
1844074013
041523526X
013124941X
053437770X
2715088159
1408269546
0691037825
033365112X
0415222907
0205725066
0071169989
0199287554
185836454X
1858364027
1847031161
0007374798
1845337069
1856130126
1903992397
1904943128
0553345958
0745618030
0415139759
0857083910
1844552438
1848313004
0857765078
1847763669
0273760793
0582277922
0273712136
1846142873
0333792203
0787976385
0582086728
1845297245
185973619X
0470660821
1408807491
0521545250
1842771930
0077103696
1215839782
0521609895
0140289739
041546451X
0415336384
0750653647
0273646575
0273687131
0415111617
0716773392
074562345X
0691070636
0415106591
0470027622
1905687001
0273728229
0273662031
0807752576
071673771X
1405127872
0071129928
0632026162
058221923X
0131465759
1852510390
0199586128
1438982488
1574889850
0374126461
1119943132
0415114063
0582405424
1857756649
0415131227
0071203001
0415395623
0273651137
078973530X
1847194680
0782140556
1849591466
0130384887
0672323842
0201342863
1780879148
0195076184
019860081X
1405183225
1405168919
1405168838
1405169753
1405186712
140516140X
1405158956
1405184744
1405159839
1405159847
1405157267
1405162201
0723432295
0415211565
0393329372
0195109813
0670063274
0713994029
074532603X
0826465005
0255366388
0199133913
1849201021
0333793846
0415086361
0754672794
0335093728
0745011713
0521335639
0333551567
1861970994
0631148299
076196309X
0415100917
0809314401
081928100X
0853089787
0905099559
0406050023
1572244224
1841134198
1904380530
0749414626
0749432950
1898253560
0333620054
0333960955 
			