Time: ISBN: Retail-Price: Lowest-New-Price: Lowest-Used-Price: Sales-Rank
2016/03/05:11:54:33 0465060714 1363 882 986 134045
2016/03/05:12:18:48 0465060714 1363 882 986 134045
2016/03/05:12:39:07 0465060714 1363 882 986 134045
2016/03/05:12:54:56 0465060714 1363 882 986 134045
2016/03/05:17:40:48 0465060714 1363 882 986 132727
2016/03/05:19:30:14 0465060714 1363 882 986 132772
2016/03/05:20:19:15 0465060714 1363 882 986 13683
2016/03/05:21:49:49 0465060714 1363 882 986 18896
2016/03/05:23:10:39 0465060714 1363 882 986 18896
2016/03/06:03:50:58 0465060714 1363 882 986 28518
2016/03/06:08:37:39 0465060714 1363 882 986 37362
2016/03/06:09:41:29 0465060714 1363 882 986 41945
2016/03/06:10:33:55 0465060714 1363 882 986 41946
2016/03/06:11:29:10 0465060714 1363 882 986 41408
2016/03/06:14:30:01 0465060714 1363 882 986 42918
2016/03/06:14:45:01 0465060714 1363 882 986 42918
2016/03/06:15:52:38 0465060714 1363 882 986 44961
2016/03/06:16:35:47 0465060714 1363 882 986 44961
2016/03/06:17:50:11 0465060714 1363 882 986 52523
2016/03/06:20:47:28 0465060714 1363 882 986 52387
2016/03/06:22:32:37 0465060714 1363 882 986 19512
2016/03/06:22:56:28 0465060714 1363 882 986 19512
2016/03/06:23:08:10 0465060714 1363 882 986 19512
2016/03/07:07:37:25 0465060714 1363 882 986 22525
2016/03/07:09:28:04 0465060714 1363 882 986 22525
2016/03/07:10:52:15 0465060714 1363 882 986 22699
2016/03/07:11:30:41 0465060714 1363 882 986 22699
2016/03/07:12:34:53 0465060714 1363 882 986 24835
2016/03/07:14:00:45 0465060714 1363 882 986 27835
2016/03/07:15:29:59 0465060714 1363 882 986 35543
2016/03/07:16:19:34 0465060714 1363 882 986 35543
2016/03/07:16:57:02 0465060714 1363 882 986 35546
2016/03/07:19:09:33 0465060714 1363 882 986 33763
2016/03/07:22:41:24 0465060714 1363 890 1072 22174
2016/03/07:23:48:29 0465060714 1363 890 1072 22175
2016/03/08:07:42:44 0465060714 1363 890 1072 21113
2016/03/08:09:05:23 0465060714 1363 890 1072 21304
2016/03/08:11:55:46 0465060714 1363 890 1072 14292
2016/03/08:13:12:55 0465060714 1363 890 1072 14292
2016/03/08:14:40:25 0465060714 1363 890 1072 15656
2016/03/08:17:15:40 0465060714 1363 890 1072 18780
2016/03/08:19:42:49 0465060714 1363 890 1072 18780
2016/03/09:07:47:08 0465060714 1363 882 989 25373
2016/03/09:09:57:30 0465060714 1363 882 989 25373
2016/03/09:10:53:08 0465060714 1363 882 989 27077
2016/03/09:15:02:54 0465060714 1363 882 989 31833
2016/03/09:15:53:55 0465060714 1363 882 989 31833
2016/03/09:18:42:04 0465060714 1363 882 989 37565
2016/03/09:19:59:38 0465060714 1363 882 989 37567
2016/03/09:20:27:24 0465060714 1363 882 989 37567
2016/03/09:21:16:37 0465060714 1363 882 989 52118
2016/03/09:22:33:07 0465060714 1363 882 989 52118
2016/03/09:22:45:00 0465060714 1363 882 989 47226
2016/03/09:23:25:05 0465060714 1363 882 989 47226
2016/03/09:23:46:17 0465060714 1363 882 989 47226
2016/03/10:05:03:59 0465060714 1363 882 989 75724
2016/03/10:07:51:00 0465060714 1363 890 989 70200
2016/03/10:09:38:09 0465060714 1363 890 989 75184
2016/03/10:11:07:48 0465060714 1363 890 989 71061
2016/03/10:11:58:12 0465060714 1363 890 989 71061
2016/03/10:12:25:58 0465060714 1363 890 989 71060
2016/03/10:13:51:13 0465060714 1363 890 989 65676
2016/03/10:14:04:23 0465060714 1363 890 989 65676
2016/03/10:15:30:19 0465060714 1363 890 989 63000
2016/03/10:16:39:31 0465060714 1363 890 989 65983
2016/03/10:19:16:54 0465060714 1363 890 989 73326
2016/03/10:20:20:21 0465060714 1363 890 989 73591
2016/03/10:22:55:23 0465060714 1363 890 989 86203
2016/03/11:07:48:12 0465060714 1363 890 989 108489
2016/03/11:09:49:40 0465060714 1363 890 989 113555
2016/03/11:13:41:22 0465060714 1363 890 989 106508
2016/03/11:15:52:12 0465060714 1363 890 989 22003
2016/03/11:16:48:13 0465060714 1363 890 989 22003
2016/03/11:17:28:59 0465060714 1363 890 989 28166
2016/03/11:19:35:29 0465060714 1363 890 989 28167
2016/03/11:22:47:42 0465060714 1363 890 989 20863
2016/03/12:12:11:38 0465060714 1363 890 989 19387
2016/03/12:13:47:12 0465060714 1363 890 989 20376
2016/03/12:18:54:19 0465060714 1363 890 989 12586
2016/03/13:09:28:42 0465060714 1363 890 989 33140
2016/03/13:11:13:27 0465060714 1363 890 989 15536
2016/03/13:16:21:11 0465060714 1363 890 989 17546
2016/03/13:18:15:02 0465060714 1363 890 989 11183
2016/03/13:19:45:28 0465060714 1363 890 989 11183
2016/03/13:22:43:52 0465060714 1363 890 989 17844
2016/03/14:07:47:53 0465060714 1363 890 989 26239
2016/03/14:08:59:01 0465060714 1363 890 989 33508
2016/03/14:09:37:06 0465060714 1363 890 989 33508
2016/03/14:10:13:37 0465060714 1363 890 989 33508
2016/03/15:14:45:36 0465060714 1363 890 989 28980
2016/03/15:17:28:40 0465060714 1363 890 989 45135
2016/03/15:18:46:36 0465060714 1363 890 989 45196
2016/03/15:20:10:40 0465060714 1363 890 989 43332
2016/03/15:20:45:13 0465060714 1363 890 989 43515
2016/03/15:22:40:28 0465060714 1363 890 989 57912
2016/03/16:00:31:27 0465060714 1363 890 989 21830
2016/03/16:08:09:10 0465060714 1363 890 989 38426
2016/03/16:21:35:49 0465060714 1363 890 989 66579
2016/03/16:23:26:42 0465060714 1363 890 989 66778
2016/03/17:07:28:43 0465060714 1363 890 989 86114
2016/03/17:08:55:22 0465060714 1363 890 989 86114
2016/03/17:13:44:47 0465060714 1363 890 989 87656
2016/03/17:14:35:06 0465060714 1363 890 989 83981
2016/03/17:16:00:44 0465060714 1363 890 989 84214
2016/03/17:17:19:15 0465060714 1363 890 989 19747
2016/03/17:18:21:28 0465060714 1363 890 989 25193
2016/03/17:22:25:15 0465060714 1363 890 989 34446
2016/03/18:07:40:06 0465060714 1363 890 989 22484
2016/03/18:08:52:11 0465060714 1363 890 989 23065
2016/03/18:13:43:48 0465060714 1363 890 1019 25248
2016/03/19:00:36:30 0465060714 1363 890 1019 64221
2016/03/19:10:40:25 0465060714 1363 890 1019 25031
2016/03/19:12:14:55 0465060714 1363 890 1019 25916
2016/03/19:13:07:12 0465060714 1363 890 1019 25921
2016/03/19:21:00:35 0465060714 1363 890 1019 53870
2016/03/19:23:38:21 0465060714 1363 890 1019 52081
2016/03/20:08:10:27 0465060714 1363 890 1019 32450
2016/03/20:09:51:11 0465060714 1363 890 1019 34075
2016/03/20:12:12:09 0465060714 1363 890 1019 34082
2016/03/20:13:41:30 0465060714 1363 890 1019 34072
2016/03/20:14:38:55 0465060714 1363 890 1019 34072
2016/03/20:18:02:01 0465060714 1363 890 1019 41670
2016/03/20:20:01:10 0465060714 1363 890 1019 41686
2016/03/20:21:49:34 0465060714 1363 890 1019 50668
2016/03/21:08:11:15 0465060714 1363 890 1019 92729
2016/03/21:09:21:10 0465060714 1363 890 1019 92729
2016/03/21:10:11:59 0465060714 1363 890 1019 88825
2016/03/21:17:57:06 0465060714 1363 890 1019 87308
2016/03/21:19:17:10 0465060714 1363 890 1019 87348
2016/03/21:23:03:59 0465060714 1363 890 1019 92476
2016/03/22:10:10:10 0465060714 1363 890 1019 128986
2016/03/22:11:00:56 0465060714 1363 890 1019 129434
2016/03/23:07:56:36 0465060714 1363 890 1019 139550
2016/03/23:09:23:41 0465060714 1363 890 1019 143156
2016/03/23:13:07:56 0465060714 1363 890 1019 141285
2016/03/23:17:48:13 0465060714 1363 890 1050 141945
2016/03/23:18:58:57 0465060714 1363 890 1050 146539
2016/03/23:20:07:41 0465060714 1363 890 1050 146650
2016/03/23:21:20:21 0465060714 1363 890 1050 146650
2016/03/23:22:09:01 0465060714 1363 890 1050 154440
2016/03/23:23:05:50 0465060714 1363 890 1050 154440
2016/03/24:07:53:06 0465060714 1363 890 1050 48108
2016/03/24:10:01:23 0465060714 1363 890 1050 48623
2016/03/24:11:05:58 0465060714 1363 890 1050 51685
2016/03/24:12:16:31 0465060714 1363 890 1050 51743
2016/03/24:14:00:55 0465060714 1363 890 1050 52482
2016/03/24:15:11:04 0465060714 1363 890 1050 58929
2016/03/24:16:55:53 0465060714 1363 890 1050 59001
2016/03/24:20:52:16 0465060714 1363 890 949 74772
2016/03/24:22:55:57 0465060714 1363 890 949 77738
2016/03/25:07:47:01 0465060714 1363 890 949 114849
2016/03/25:21:49:35 0465060714 1363 890 949 124463
2016/03/26:10:05:21 0465060714 1363 890 949 130393
2016/03/26:13:22:57 0465060714 1363 890 949 129264
2016/03/26:17:59:45 0465060714 1363 890 949 132066
2016/03/26:20:30:11 0465060714 1363 890 949 136913
2016/03/28:18:33:34 0465060714 1363 890 949 32184
2016/03/28:20:23:33 0465060714 1363 890 949 44172
2016/03/28:21:27:21 0465060714 1363 890 949 44172
2016/03/29:06:38:19 0465060714 1363 890 949 90017
2016/03/29:10:54:14 0465060714 1363 890 949 92217
2016/03/29:15:11:10 0465060714 1363 890 949 90711
2016/03/29:16:25:59 0465060714 1363 890 949 88530
2016/03/29:19:21:51 0465060714 1363 890 949 92211
2016/03/29:21:44:07 0465060714 1363 890 949 97481
2016/03/30:09:13:27 0465060714 1363 890 949 34442
2016/03/30:13:27:12 0465060714 1363 890 949 39176
2016/03/30:15:52:08 0465060714 1363 890 949 41842
2016/03/30:16:35:38 0465060714 1363 890 949 41842
2016/03/30:18:53:12 0465060714 1363 890 949 59763
2016/03/30:21:01:47 0465060714 1363 890 949 20894
2016/03/31:06:59:52 0465060714 1363 890 949 36877
2016/03/31:08:45:17 0465060714 1363 890 949 50728
2016/03/31:09:33:21 0465060714 1363 890 949 50728
2016/03/31:12:33:36 0465060714 1363 890 949 49182
2016/03/31:13:39:52 0465060714 1363 890 949 52148
2016/03/31:16:24:23 0465060714 1363 890 949 60049
2016/03/31:21:10:59 0465060714 1363 890 900 78878
2016/04/01:07:20:41 0465060714 1363 890 900 112108
2016/04/01:08:31:29 0465060714 1363 890 900 111258
2016/04/01:09:20:58 0465060714 1363 890 900 111258
2016/04/01:16:24:08 0465060714 1363 890 900 107969
2016/04/01:17:31:00 0465060714 1363 890 900 107969
2016/04/01:18:29:53 0465060714 1363 890 900 112066
2016/04/01:19:27:59 0465060714 1363 890 900 112066
2016/04/01:21:20:01 0465060714 1363 890 900 116516
2016/04/01:22:30:38 0465060714 1363 890 900 116516
2016/04/02:08:06:57 0465060714 1363 890 900 36221
2016/04/02:09:18:49 0465060714 1363 890 900 36225
2016/04/02:19:58:45 0465060714 1363 890 900 64771
2016/04/02:22:27:01 0465060714 1363 890 900 73332
2016/04/03:08:55:32 0465060714 1363 890 900 102301
2016/04/03:09:49:45 0465060714 1363 890 900 102301
2016/04/04:19:44:55 0465060714 1363 890 900 22284
2016/04/05:06:56:07 0465060714 1363 890 900 59571
2016/04/05:15:06:05 0465060714 1363 890 900 24083
2016/04/05:15:58:45 0465060714 1363 890 900 30692
2016/04/05:21:37:05 0465060714 1363 890 900 49656
2016/04/06:06:53:54 0465060714 1363 890 900 32162
2016/04/06:10:40:22 0465060714 1363 890 900 33379
2016/04/06:14:26:59 0465060714 1363 890 565 38854
2016/04/06:22:50:25 0465060714 1363 890 565 20345
2016/04/07:07:13:23 0465060714 1363 890 565 38010
2016/04/07:17:20:04 0465060714 1363 890 565 52956
2016/04/07:18:36:21 0465060714 1363 890 565 18583
2016/04/08:10:20:56 0465060714 1363 890 565 13452
2016/04/09:07:51:51 0465060714 1363 890 565 10221
2016/04/10:06:57:48 0465060714 1363 890 565 34017
2016/04/10:08:30:03 0465060714 1363 890 565 32664
2016/04/10:10:06:42 0465060714 1363 890 565 32665
2016/04/10:10:41:03 0465060714 1363 890 565 30918
2016/04/10:11:18:32 0465060714 1363 890 565 30918
2016/04/10:16:07:52 0465060714 1363 890 565 36087
2016/04/10:21:37:00 0465060714 1148 890 565 63238
2016/04/11:00:54:35 0465060714 1148 890 565 64193
2016/04/11:06:42:12 0465060714 1148 890 565 84295
2016/04/11:12:55:25 0465060714 1148 890 565 70195
2016/04/12:07:04:25 0465060714 1148 890 565 36622
2016/04/12:08:06:06 0465060714 1148 890 565 36626
2016/04/12:09:25:56 0465060714 1148 890 565 37153
2016/04/12:13:04:11 0465060714 1148 890 565 38336
2016/04/12:21:33:23 0465060714 1148 890 565 80019
2016/04/13:08:11:48 0465060714 1148 890 565 103615
2016/04/13:11:25:59 0465060714 1148 890 565 99705
2016/04/13:15:05:35 0465060714 1148 890 565 98096
2016/04/13:15:57:34 0465060714 1148 890 565 98122
2016/04/14:06:44:17 0465060714 1148 890 565 131465
2016/04/14:08:33:37 0465060714 1148 890 565 131701
2016/04/14:09:26:02 0465060714 1148 890 565 131304
2016/04/15:11:55:33 0465060714 1148 890 565 60515
2016/04/17:19:06:34 0465060714 1148 890 565 145085
2016/04/17:21:49:51 0465060714 1148 890 565 149222
2016/04/18:08:01:12 0465060714 1148 890 565 66121
2016/04/18:09:24:06 0465060714 1148 890 565 66121
