Time: ISBN: Retail-Price: Lowest-New-Price: Lowest-Used-Price: Sales-Rank
2016/03/05:11:55:15 0521871212 4949 4432 3621 70271
2016/03/05:12:19:30 0521871212 4949 4432 3621 70271
2016/03/05:12:39:50 0521871212 4949 4432 3621 70271
2016/03/05:12:55:38 0521871212 4949 4432 3621 74112
2016/03/05:17:41:29 0521871212 4949 4432 3621 87526
2016/03/05:19:30:56 0521871212 4949 4432 3621 87571
2016/03/05:20:19:56 0521871212 4949 4432 3621 98386
2016/03/05:21:50:31 0521871212 4949 4432 3621 112031
2016/03/05:23:11:21 0521871212 4949 4432 3621 115063
2016/03/06:03:51:40 0521871212 4949 4432 3621 135055
2016/03/06:08:38:20 0521871212 4949 4432 3621 151068
2016/03/06:09:42:10 0521871212 4949 4432 3621 156979
2016/03/06:10:34:36 0521871212 4949 4432 3621 157357
2016/03/06:11:29:51 0521871212 4949 4432 3621 157357
2016/03/06:14:30:43 0521871212 4949 4432 3621 162828
2016/03/06:14:45:43 0521871212 4949 4432 3621 163005
2016/03/06:15:53:20 0521871212 4949 4432 3621 166270
2016/03/06:16:36:28 0521871212 4949 4432 3621 166270
2016/03/06:17:50:52 0521871212 4949 4432 3621 172816
2016/03/06:20:48:09 0521871212 4949 4432 3621 174699
2016/03/06:22:33:19 0521871212 4949 4432 3621 184999
2016/03/06:22:57:10 0521871212 4949 4432 3621 185031
2016/03/06:23:08:51 0521871212 4949 4432 3621 185031
2016/03/07:07:38:07 0521871212 4949 4432 3621 222124
2016/03/07:09:28:46 0521871212 4949 4432 3621 222124
2016/03/07:10:52:56 0521871212 4949 4432 3621 223393
2016/03/07:11:31:22 0521871212 4949 4432 3621 224023
2016/03/07:12:35:34 0521871212 4949 4432 3621 229243
2016/03/07:14:01:27 0521871212 4949 4432 3621 232465
2016/03/07:15:30:40 0521871212 4949 4432 3621 237936
2016/03/07:16:20:16 0521871212 4949 4432 3621 237936
2016/03/07:16:57:43 0521871212 4949 4432 3621 238211
2016/03/07:19:10:14 0521871212 4949 4432 3621 239872
2016/03/07:22:42:05 0521871212 4949 4432 3621 258324
2016/03/07:23:49:11 0521871212 4949 4432 3621 258591
2016/03/08:07:43:26 0521871212 4949 4432 3621 287766
2016/03/08:09:06:05 0521871212 4949 4432 3621 290046
2016/03/08:11:56:28 0521871212 4949 4432 3621 297119
2016/03/08:13:13:37 0521871212 4949 4432 3621 297118
2016/03/08:14:41:06 0521871212 4949 2112 3621 300213
2016/03/08:17:16:22 0521871212 4949 2112 3621 305889
2016/03/08:19:43:30 0521871212 4949 2112 3621 309627
2016/03/09:07:47:49 0521871212 4949 2112 3621 352919
2016/03/09:09:58:11 0521871212 4949 2112 3621 355526
2016/03/09:10:53:51 0521871212 4949 2112 3621 360495
2016/03/09:15:03:35 0521871212 4949 2112 3621 367505
2016/03/09:15:54:36 0521871212 4949 2112 3621 367534
2016/03/09:18:42:46 0521871212 4949 2112 3621 376025
2016/03/09:20:00:20 0521871212 4949 2112 3621 376112
2016/03/09:20:28:06 0521871212 4949 2112 3621 385234
2016/03/09:21:17:20 0521871212 4949 2112 3621 385234
2016/03/09:22:33:49 0521871212 4949 2112 3621 385304
2016/03/09:22:45:42 0521871212 4949 2112 3621 387686
2016/03/09:23:25:46 0521871212 4949 2112 3621 387686
2016/03/09:23:46:59 0521871212 4949 2112 3621 387684
2016/03/10:05:04:41 0521871212 4949 2112 3621 411540
2016/03/10:07:51:42 0521871212 4949 2112 3621 414274
2016/03/10:09:38:55 0521871212 4949 2112 3621 420296
2016/03/10:11:08:30 0521871212 4949 2112 3621 423370
2016/03/10:11:58:53 0521871212 4949 2112 3621 423370
2016/03/10:12:26:39 0521871212 4949 2112 3621 423369
2016/03/10:13:51:55 0521871212 4949 2112 3621 425746
2016/03/10:14:05:05 0521871212 4949 2112 3621 425746
2016/03/10:15:31:00 0521871212 4949 2112 3621 428625
2016/03/10:16:40:12 0521871212 4949 2112 3621 428690
2016/03/10:19:17:35 0521871212 4949 2112 3621 439125
2016/03/10:20:21:02 0521871212 4949 2112 3621 439396
2016/03/10:22:56:05 0521871212 4949 2112 3621 446856
2016/03/11:07:48:54 0521871212 4949 2112 3621 468626
2016/03/11:09:50:23 0521871212 4949 2112 3621 474367
2016/03/11:13:42:03 0521871212 4949 2112 3621 477973
2016/03/11:15:52:54 0521871212 4949 2112 3621 481043
2016/03/11:16:48:55 0521871212 4949 2112 3621 481088
2016/03/11:17:29:39 0521871212 4949 2112 3621 485390
2016/03/11:19:36:11 0521871212 4949 2112 3618 485426
2016/03/11:22:48:24 0521871212 4949 2112 3618 492914
2016/03/12:12:12:19 0521871212 4949 2112 3618 515221
2016/03/12:13:47:53 0521871212 4949 2112 3618 516687
2016/03/12:18:55:01 0521871212 4949 2112 3618 522010
2016/03/13:09:29:24 0521871212 4949 2112 3618 543959
2016/03/13:11:14:09 0521871212 4949 2112 3618 545437
2016/03/13:16:21:53 0521871212 4949 2112 3618 546539
2016/03/13:18:15:44 0521871212 4949 2112 3618 549879
2016/03/13:19:46:10 0521871212 4949 2112 3618 549922
2016/03/13:22:44:34 0521871212 4949 2112 3618 555233
2016/03/14:07:48:36 0521871212 4949 2112 3618 560784
2016/03/14:08:59:42 0521871212 4949 2112 3618 566344
2016/03/14:09:37:48 0521871212 4949 2112 3618 566344
2016/03/14:10:14:18 0521871212 4949 2112 3618 566344
2016/03/15:14:47:49 0521871212 4949 2112 3618 117638
2016/03/15:17:30:54 0521871212 4949 2112 3618 133216
2016/03/15:18:48:51 0521871212 4949 2112 3618 133330
2016/03/15:20:12:55 0521871212 4949 2112 3618 134925
2016/03/15:20:47:27 0521871212 4949 2112 3618 135148
2016/03/15:22:42:41 0521871212 4949 2112 3618 161439
2016/03/16:00:33:41 0521871212 4949 2112 3618 161438
2016/03/16:08:11:24 0521871212 4949 2112 2449 190871
2016/03/16:21:38:02 0521871212 4949 2112 2449 219578
2016/03/16:23:28:57 0521871212 4949 2112 2449 219782
2016/03/17:07:30:58 0521871212 4949 2112 2449 248409
2016/03/17:08:57:35 0521871212 4949 2112 2449 248409
2016/03/17:13:47:02 0521871212 4949 4264 2449 257126
2016/03/17:14:37:19 0521871212 4949 4264 2449 258501
2016/03/17:16:02:58 0521871212 4949 4264 2449 258734
2016/03/17:17:21:29 0521871212 4949 4264 2449 262451
2016/03/17:18:23:43 0521871212 4949 4264 2449 268248
2016/03/17:22:27:31 0521871212 4949 4264 2449 278272
2016/03/18:07:42:20 0521871212 4949 4264 2449 305004
2016/03/18:08:54:24 0521871212 4949 4264 2449 306211
2016/03/18:13:46:02 0521871212 4949 4264 2449 310666
2016/03/19:00:38:42 0521871212 4949 4264 2449 337947
2016/03/19:10:42:36 0521871212 4949 4264 2449 357997
2016/03/19:13:09:23 0521871212 4949 4264 2449 359657
2016/03/19:21:02:46 0521871212 4949 4264 2449 375109
2016/03/19:23:40:32 0521871212 4949 4264 2449 376701
2016/03/20:08:12:40 0521871212 4949 4264 2449 400330
2016/03/20:09:53:23 0521871212 4949 4264 2449 402817
2016/03/20:12:14:21 0521871212 4949 4264 2449 404904
2016/03/20:13:43:41 0521871212 4949 4264 2449 406195
2016/03/20:14:41:07 0521871212 4949 4264 2449 406289
2016/03/20:18:04:12 0521871212 4949 4264 2449 411021
2016/03/20:20:03:20 0521871212 4949 4264 2449 415151
2016/03/20:21:51:47 0521871212 4949 4264 2449 415287
2016/03/21:08:13:26 0521871212 4949 4264 2449 439669
2016/03/21:09:23:20 0521871212 4949 4264 2449 439669
2016/03/21:10:14:11 0521871212 4949 4264 2449 439972
2016/03/21:17:59:18 0521871212 4949 4264 2449 448173
2016/03/21:19:19:21 0521871212 4949 4264 2449 448212
2016/03/21:23:06:13 0521871212 4949 4264 2449 454505
2016/03/22:10:12:21 0521871212 4949 4264 2449 476128
2016/03/22:11:03:08 0521871212 4949 4264 2449 476576
2016/03/23:07:59:23 0521871212 4949 2534 2449 498546
2016/03/23:09:26:28 0521871212 4949 2534 2449 499063
2016/03/23:13:10:44 0521871212 4949 2534 2449 501267
2016/03/23:17:51:00 0521871212 4949 2534 2447 502141
2016/03/23:19:01:46 0521871212 4949 2534 2447 504778
2016/03/23:20:10:31 0521871212 4949 2534 2447 504889
2016/03/23:21:23:11 0521871212 4949 2534 2447 504889
2016/03/23:22:11:52 0521871212 4949 2534 2447 509397
2016/03/23:23:08:40 0521871212 4949 2534 2447 509397
2016/03/24:07:55:56 0521871212 4949 2534 2447 522778
2016/03/24:10:04:14 0521871212 4949 2534 2447 522778
2016/03/24:11:08:50 0521871212 4949 2534 2447 522953
2016/03/24:12:19:21 0521871212 4949 2534 2447 523230
2016/03/24:14:03:47 0521871212 4949 2534 2447 522824
2016/03/24:15:13:58 0521871212 4949 2534 2447 523834
2016/03/24:16:58:44 0521871212 4949 2534 2447 526004
2016/03/24:20:55:07 0521871212 4949 2534 2447 527523
2016/03/24:22:58:55 0521871212 4949 2534 2447 527623
2016/03/25:07:49:56 0521871212 4949 2534 2447 539262
2016/03/25:21:52:31 0521871212 4949 2534 2447 546069
2016/03/26:10:08:19 0521871212 4949 2534 2447 552693
2016/03/26:13:25:53 0521871212 4949 2534 2447 552576
2016/03/26:18:02:42 0521871212 4949 2534 2447 554149
2016/03/26:20:33:07 0521871212 4949 2534 2447 555978
2016/03/28:18:36:31 0521871212 4949 4264 2447 574703
2016/03/28:20:26:30 0521871212 4949 4264 2447 576227
2016/03/28:21:30:16 0521871212 4949 4264 2447 577849
2016/03/29:06:41:15 0521871212 4949 4264 2447 586166
2016/03/29:10:57:09 0521871212 4949 4264 2447 588351
2016/03/29:15:14:06 0521871212 4949 4264 2447 587289
2016/03/29:16:29:11 0521871212 4949 4264 2447 586668
2016/03/29:19:24:48 0521871212 4949 4264 2447 588051
2016/03/29:21:47:05 0521871212 4949 4264 2447 589865
2016/03/30:09:16:25 0521871212 4949 4264 2447 602063
2016/03/30:13:30:08 0521871212 4949 4264 2447 602047
2016/03/30:15:55:06 0521871212 4949 4264 2447 601949
2016/03/30:16:38:34 0521871212 4949 4264 2447 601949
2016/03/30:18:56:10 0521871212 4949 4264 2447 604792
2016/03/30:21:04:42 0521871212 4949 4264 2447 607930
2016/03/31:07:02:47 0521871212 4949 4264 2447 612792
2016/03/31:08:48:15 0521871212 4949 4264 2447 616119
2016/03/31:09:36:17 0521871212 4949 4264 2447 616119
2016/03/31:12:36:36 0521871212 4949 4264 2447 615653
2016/03/31:13:42:49 0521871212 4949 4264 2447 615995
2016/03/31:16:27:21 0521871212 4949 4264 2447 617732
2016/03/31:21:13:58 0521871212 4949 4264 2599 622670
2016/04/01:07:23:37 0521871212 4949 4264 2599 630457
2016/04/01:08:34:29 0521871212 4949 4264 2599 630365
2016/04/01:09:23:55 0521871212 4949 4264 2599 630365
2016/04/01:16:26:59 0521871212 4949 4264 2599 630999
2016/04/01:17:33:53 0521871212 4949 4264 2599 630996
2016/04/01:18:32:44 0521871212 4949 4264 2599 633169
2016/04/01:19:30:52 0521871212 4949 4264 2599 633169
2016/04/01:21:22:55 0521871212 4949 4264 2599 635341
2016/04/01:22:33:30 0521871212 4949 4264 2599 635341
2016/04/02:08:09:50 0521871212 4949 4332 2599 643349
2016/04/02:09:21:42 0521871212 4949 4332 2599 643533
2016/04/02:20:01:36 0521871212 4949 4332 2599 644719
2016/04/02:22:29:50 0521871212 4949 4332 2599 645877
2016/04/03:08:58:21 0521871212 4949 4448 2599 651498
2016/04/03:09:52:34 0521871212 4949 4446 2599 651712
2016/04/04:19:47:47 0521871212 4949 4424 2599 667917
2016/04/05:06:59:02 0521871212 4949 4412 2599 677936
2016/04/05:15:08:59 0521871212 4949 4408 2599 678685
2016/04/05:16:01:40 0521871212 4949 4408 2599 678685
2016/04/05:21:40:01 0521871212 4949 4408 2599 683054
2016/04/06:06:56:49 0521871212 4949 4408 2599 693266
2016/04/06:10:43:15 0521871212 4949 4408 2599 692391
2016/04/06:22:53:20 0521871212 4949 4407 2599 700574
2016/04/07:07:16:16 0521871212 4949 4399 2599 707599
2016/04/07:17:22:58 0521871212 4949 4449 2599 709246
2016/04/07:18:39:13 0521871212 4949 4449 2599 711054
2016/04/08:10:23:50 0521871212 4949 4294 2599 720239
2016/04/09:07:54:47 0521871212 4949 4399 2599 729135
2016/04/10:07:00:44 0521871212 4949 4399 2599 736391
2016/04/10:08:33:00 0521871212 4949 4399 2599 735741
2016/04/10:10:09:39 0521871212 4949 4399 2599 735740
2016/04/10:10:43:58 0521871212 4949 4399 2599 734568
2016/04/10:11:21:28 0521871212 4949 4399 2599 734568
2016/04/10:16:10:49 0521871212 4949 4399 2599 734013
2016/04/10:21:39:59 0521871212 4949 4399 2599 736336
2016/04/11:00:57:31 0521871212 4949 4399 2599 739118
2016/04/11:06:45:10 0521871212 4949 4399 2599 743984
2016/04/11:12:58:18 0521871212 4949 4399 2599 741980
2016/04/12:07:07:22 0521871212 4949 4399 2599 753990
2016/04/12:08:09:01 0521871212 4949 4399 2599 754333
2016/04/12:21:36:18 0521871212 4949 4399 2599 757820
2016/04/13:08:14:43 0521871212 4949 4399 2599 763100
2016/04/13:11:28:55 0521871212 4949 4399 2599 762777
2016/04/13:15:08:31 0521871212 4949 4399 2599 762686
2016/04/13:16:00:29 0521871212 4949 4399 2599 762708
2016/04/14:06:47:11 0521871212 4949 4399 2599 771715
2016/04/14:08:36:31 0521871212 4949 4399 2599 771149
2016/04/14:09:28:56 0521871212 4949 4399 2599 771149
2016/04/15:11:58:27 0521871212 4949 4399 2599 778085
2016/04/17:19:09:29 0521871212 4949 4399 2597 788052
2016/04/17:21:52:45 0521871212 4949 4399 2597 788936
2016/04/18:08:04:05 0521871212 4949 4399 2597 793743
2016/04/18:09:27:01 0521871212 4949 4399 2597 792937
